#blocco qua tele si1 si2 csi (0 rotto 1 buono)
0 1 1 1 1 1
0 1 2 1 1 1
0 1 3 1 1 1
0 1 4 1 1 1
#0 2 1 non ha PSA
0 2 1 1 1 1
0 2 2 1 1 1
0 2 3 1 1 1
0 2 4 0 0 0
0 3 1 0 0 0
0 3 2 0 0 0
0 3 3 0 0 0
0 3 4 1 1 1
0 4 1 1 1 1
0 4 2 1 0 1
0 4 3 1 1 1 
0 4 4 0 0 0
1 1 1 1 1 1
1 1 2 1 1 1
1 1 3 0 0 0
1 1 4 0 0 0
1 2 1 1 0 0
1 2 2 1 1 0
1 2 3 0 0 0
1 2 4 0 0 0
1 3 1 0 0 0
1 3 2 0 0 0
1 3 3 1 1 1
1 3 4 1 1 1
1 4 1 0 0 1
1 4 2 0 0 0
1 4 3 1 1 1
1 4 4 0 0 0 
2 1 1 0 0 0
2 1 2 1 0 0
2 1 3 1 0 0
2 1 4 0 0 0
2 2 1 1 1 1
2 2 2 1 1 1
2 2 3 1 1 1
2 2 4 1 0 0
2 3 1 1 0 0
2 3 2 1 1 1
2 3 3 0 0 0
2 3 4 1 1 0
2 4 1 0 0 0
2 4 2 1 1 1
2 4 3 0 0 0
2 4 4 0 0 0
3 1 1 1 1 1
3 1 2 1 0 0
#problemi nei dati exp (sarebbero 0 1 1)
3 1 3 0 0 0
3 1 4 0 0 0
#fine problemi nei dati exp
3 2 1 1 1 1
3 2 2 1 0 0
3 2 3 1 1 1
3 2 4 0 0 0
3 3 1 0 0 0
3 3 2 0 0 0
3 3 3 0 0 0
3 3 4 1 1 1
3 4 1 1 1 1
3 4 2 0 0 0
3 4 3 1 1 1
3 4 4 1 1 1

