RIV FAZIETTINO blocco distanza_centro_blocco the0 phi0
0 1000 4.39 -12.94
1 1000 4.39 -102.94
2 1000 4.39 167.06
3 1000 4.39 77.06
4 1000 14.04 -90
5 1000 14.04 90
FAZIA_SPESSORI blocco qua tele spesSi1 spesSi2
0 1 1 305 501
0 1 2 306 501
0 1 3 306 501
0 1 4 306 501
0 2 1 306 501
0 2 2 306 501
0 2 3 306 501
0 2 4 306 501
0 3 1 305 501
0 3 2 308 501
0 3 3 305 501
0 3 4 305 501
0 4 1 305 501
0 4 2 310 501
0 4 3 310 501
0 4 4 310 501
1 1 1 305 501
1 1 2 305 501
1 1 3 305 501
1 1 4 305 501
1 2 1 311 501
1 2 2 311 501
1 2 3 312 501
1 2 4 311 501
1 3 1 310 501
1 3 2 310 501
1 3 3 306 501
1 3 4 310 501
1 4 1 308 501
1 4 2 308 501
1 4 3 308 501
1 4 4 308 501
2 1 1 311 501
2 1 2 314 509
2 1 3 310 501
2 1 4 311 503
2 2 1 311 306
2 2 2 310 306
2 2 3 310 306
2 2 4 310 306
2 3 1 306 306
2 3 2 306 306
2 3 3 306 306
2 3 4 306 306
2 4 1 306 306
2 4 2 306 306
2 4 3 306 306
2 4 4 306 306
3 1 1 311 505
3 1 2 311 505
3 1 3 311 505
3 1 4 311 505
3 2 1 311 308
3 2 2 311 308
3 2 3 311 308
3 2 4 311 308
3 3 1 311 510
3 3 2 311 509
3 3 3 311 510
3 3 4 311 510
3 4 1 303 505
3 4 2 303 505
3 4 3 299 505
3 4 4 303 505
4 1 1 306 501
4 1 2 306 501
4 1 3 306 501
4 1 4 306 501
4 2 1 306 308
4 2 2 306 308
4 2 3 306 308
4 2 4 306 308
4 3 1 306 501
4 3 2 306 501
4 3 3 306 501
4 3 4 306 505
4 4 1 310 306
4 4 2 310 306
4 4 3 310 306
4 4 4 310 306
5 1 1 311 505
5 1 2 311 503
5 1 3 311 503
5 1 4 311 505
5 2 1 311 505
5 2 2 311 505
5 2 3 311 505
5 2 4 308 505
5 3 1 306 306
5 3 2 306 306
5 3 3 306 306
5 3 4 306 306
5 4 1 308 306
5 4 2 308 306
5 4 3 308 306
5 4 4 308 306
FAZIA_TEL_ROTTI faziapre4840_telrotti.txt
FAZIA_GRID_Si1Si2 ID_SI1_SI2_FAZIAPRE_4840.dat
FAZIA_GRID_Si2CsI ID_SI2_CSI_FAZIAPRE_4840.dat
