RIV RCO_STRIP settore strip dist themin themax spessore (8 strip per ogni settore)
1 1 272 15.610 16.950 301
1 2 272 14.244 15.581 301
1 3 272 12.861 14.215 301
1 4 272 11.463 12.832 301
1 5 272 10.051 11.433 301
1 6 272 8.626 10.021  301
1 7 272 7.191 8.596   301
1 8 272 5.362 7.160   301
2 1 272 15.610 16.950 305
2 2 272 14.244 15.581 305
2 3 272 12.861 14.215 305
2 4 272 11.463 12.832 305
2 5 272 10.051 11.433 305
2 6 272 8.626 10.021  305
2 7 272 7.191 8.596   305
2 8 272 5.362 7.160   305
3 1 272 15.610 16.950 302
3 2 272 14.244 15.581 302
3 3 272 12.861 14.215 302
3 4 272 11.463 12.832 302
3 5 272 10.051 11.433 302
3 6 272 8.626 10.021  302
3 7 272 7.191 8.596   302
3 8 272 5.362 7.160   302
4 1 272 15.610 16.950 300
4 2 272 14.244 15.581 300
4 3 272 12.861 14.215 300
4 4 272 11.463 12.832 300
4 5 272 10.051 11.433 300
4 6 272 8.626 10.021  300
4 7 272 7.191 8.596   300
4 8 272 5.362 7.160   300
5 1 272 15.610 16.950 301
5 2 272 14.244 15.581 301
5 3 272 12.861 14.215 301
5 4 272 11.463 12.832 301
5 5 272 10.051 11.433 301
5 6 272 8.626 10.021  301
5 7 272 7.191 8.596   301
5 8 272 5.362 7.160   301
6 1 272 15.610 16.950 300
6 2 272 14.244 15.581 300
6 3 272 12.861 14.215 300
6 4 272 11.463 12.832 300
6 5 272 10.051 11.433 300
6 6 272 8.626 10.021  300
6 7 272 7.191 8.596   300
6 8 272 5.362 7.160   300
7 1 272 15.610 16.950 300
7 2 272 14.244 15.581 300
7 3 272 12.861 14.215 300
7 4 272 11.463 12.832 300
7 5 272 10.051 11.433 300
7 6 272 8.626 10.021  300
7 7 272 7.191 8.596   300
7 8 272 5.362 7.160   300
8 1 272 15.610 16.950 299
8 2 272 14.244 15.581 299
8 3 272 12.861 14.215 299
8 4 272 11.463 12.832 299
8 5 272 10.051 11.433 299
8 6 272 8.626 10.021  299
8 7 272 7.191 8.596   299
8 8 272 5.362 7.160   299
RIV RCO_GAS dist themin themax (8 settori)
1 182 5.362 16.950
2 182 5.362 16.950
3 182 5.362 16.950
4 182 5.362 16.950
5 182 5.362 16.950
6 182 5.362 16.950
7 182 5.362 16.950
8 182 5.362 16.950
RIV RCO_CSI dist the themin themax (6 cesi per ogni settore)
1 309 15.931 14.912 16.950
2 309 15.931 14.912 16.950
3 309 13.530 12.148 14.912
4 309 13.530 12.148 14.912
5 309 8.755   5.362  12.148
6 309 8.755   5.362  12.148
PRESSIONE_RCO 50 mbar
TABELLA_PERDITE_RCO tabella_perdite_rco_csym.txt
CODICE_RCO_GAS codice_rco_gas_csym.txt
CODICE_RCO_STRIP codice_rco_strip_csym.txt
CODICE_RCO_CSI codice_rco_csi_csym.txt
SOGLIE_RCO_CSI soglie_csi_rco_csym.txt
