RIV FAZIETTINO blocco distanza_centro_blocco the0 phi0
0 1000 4.39 -12.94
1 1000 4.39 -102.94
2 1000 4.39 167.06
3 1000 4.39 77.06
4 1000 14.04 -90
5 1000 14.04 90
FAZIA_SPESSORI blocco qua tele spesSi1 spesSi2
0 1 1 305.5 501.0
0 1 2 306.0 501.0
0 1 3 306.0 501.0
0 1 4 306.0 501.0
0 2 1 306.0 501.0
0 2 2 306.0 501.0
0 2 3 306.0 501.0
0 2 4 306.0 501.0
0 3 1 305.5 501.0
0 3 2 308.0 501.0
0 3 3 305.5 501.0
0 3 4 305.5 501.0
0 4 1 305.5 501.0
0 4 2 310.0 501.0
0 4 3 310.0 501.0
0 4 4 310.0 501.0
1 1 1 305.5 501.0
1 1 2 305.5 501.0
1 1 3 305.5 501.0
1 1 4 305.5 501.0
1 2 1 311.0 501.0
1 2 2 311.0 501.0
1 2 3 312.0 501.0
1 2 4 311.0 501.0
1 3 1 310.0 501.0
1 3 2 310.0 501.0
1 3 3 306.0 501.0
1 3 4 310.0 501.0
1 4 1 308.0 501.0
1 4 2 308.0 501.0
1 4 3 308.0 501.0
1 4 4 308.0 501.0
2 1 1 311.0 501.0
2 1 2 314.0 509.0
2 1 3 310.0 501.0
2 1 4 311.0 503.0
2 2 1 311.0 306.0
2 2 2 310.0 306.0
2 2 3 310.0 306.0
2 2 4 310.0 306.0
2 3 1 306.0 306.0
2 3 2 306.0 306.0
2 3 3 306.0 306.0
2 3 4 306.0 306.0
2 4 1 306.0 306.0
2 4 2 306.0 306.0
2 4 3 306.0 306.0
2 4 4 306.0 306.0
3 1 1 311.0 505.0
3 1 2 311.0 505.0
3 1 3 311.0 505.0
3 1 4 311.0 505.0
3 2 1 311.0 308.0
3 2 2 311.0 308.0
3 2 3 311.0 308.0
3 2 4 311.0 308.0
3 3 1 311.0 510.0
3 3 2 311.0 509.0
3 3 3 311.0 510.0
3 3 4 311.0 510.0
3 4 1 303.0 505.5
3 4 2 303.0 505.5
3 4 3 299.0 505.5
3 4 4 303.0 505.5
4 1 1 306.0 501.0
4 1 2 306.0 501.0
4 1 3 306.0 501.0
4 1 4 306.0 501.0
4 2 1 306.0 308.0
4 2 2 306.0 308.0
4 2 3 306.0 308.0
4 2 4 306.0 308.0
4 3 1 306.0 501.0
4 3 2 306.0 501.0
4 3 3 306.0 501.0
4 3 4 306.0 505.5
4 4 1 310.5 306.0
4 4 2 310.5 306.0
4 4 3 310.5 306.0
4 4 4 310.5 306.0
5 1 1 311.0 505.5
5 1 2 311.0 503.0
5 1 3 311.0 503.0
5 1 4 311.0 505.5
5 2 1 311.0 505.5
5 2 2 311.0 505.5
5 2 3 311.0 505.5
5 2 4 308.0 505.5
5 3 1 306.0 306.0
5 3 2 306.0 306.0
5 3 3 306.0 306.0
5 3 4 306.0 306.0
5 4 1 308.0 306.0
5 4 2 308.0 306.0
5 4 3 308.0 306.0
5 4 4 308.0 306.0
