RIV PHOS box phos dist the0 phi0 spessore_plastico_sottile nome
1 2 1602.0 6.5 37.4 132 12-50-s
1 3 1602.0 7.0 67.2 146 92-50-d
1 4 1602.0 8.5 27.6 205 46-50-d
1 5 1602.0 8.3 51.6 180 86-50-d
1 6 1602.0 9.3 72.9 155 42-30-s
1 7 1602.0 9.9 40.1 156 53-30-s
1 8 1602.0 10.2 59.9 151 52-30-s
1 9 1602.0 11.7 49.5 200 56-50-d
2 2 1602.0 6.5 130.7 136 1-50-d
2 3 1606.0 7.0 160.7 215 47-30-s
2 4 1601.0 8.5 119.7 137 72-50-s
2 5 1600.0 8.3 143.5 205 18-50-s
2 6 1607.0 9.3 166.6 136 37-50-s
2 7 1599.0 9.9 132.1 153 11-30-s
2 8 1601.0 10.3 152.2 210 31-50-d
2 9 1602.0 11.7 140.8 190 2-50-d
3 2 1602.0 6.5 -142.6 205 33-50-s
3 3 1606.0 7.0 -112.8 220 17-30-s
3 4 1601.0 8.5 -152.4 157 49-30-s
3 5 1600.0 8.3 -128.4 146 26-30-s
3 6 1614.0 9.3 -107.0 215 58-50-d
3 7 1599.0 9.9 -139.9 136 78-50-d
3 8 1601.0 10.3 -120.0 153 21-50-d
3 9 1602.0 11.8 -130.2 154 105-50-d
4 2 1607.0 6.4 -49.0 161 32-30-s
4 3 1606.0 7.1 -20.9 210 32-50-d
4 4 1601.0 8.4 -59.9 220 42-50-d
4 5 1600.0 8.3 -36.5 129 54-30-s
4 6 1607.0 9.3 -15.1 215 14-50-d
4 7 1599.0 9.9 -47.9 185 47-50-d
4 8 1601.0 10.3 -28.2 148 99-50-d
4 9 1607.0 11.7 -39.2 140 10-50-d
5 1 787.0 14.7 68.0 165 89-50-d
5 2 788.0 13.4 87.5 164 39-50-d
5 3 787.0 14.3 107.6 131 84-50-d
5 4 792.0 19.2 73.2 142 48-30-s
5 5 794.0 18.4 88.2 139 46-30-s
5 6 792.0 18.8 103.4  140 4-30-s
5 7 793.0 19.9 45.0 149 73-50-s
5 8 795.0 16.4 55.9 135 19-30-s
5 9 805.0 23.8 76.7 210 9-50-d
6 1 786.0 14.7 -68.0 152 31-30-s
6 2 784.0 13.4 -87.5 148 13-50-d
6 3 788.0 14.3 -107.6 166 29-30-s
6 4 794.0 19.1 -73.2 144 39-30-s
6 5 791.0 18.4 -88.2 135 38-50-s
6 6 796.0 18.7 -103.4 143 16-30-s
6 7 791.0 20.0 -45.0 150 94-50-s
6 8 792.0 16.5 -55.9 145 66-50-s
RIV GARFIELD_FORWARD cesio the0 themin themax
5 150.0 75.25 68.0 82.5 
6 172.0 60.0  53.0 66.0 
7 194.0 47.0 41.0 52.0 
8 216.0 34.85 29.5 40.0 
MICRO_ROTTE garf_micro_rotte_csym.txt
CODICE_PHOS qf_phos_jacobi_comp.txt
PRESSIONE_GARFIELD 51.7 mbar
TABELLA_PERDITE_GARFIELD tabella_perdite_garfield_600.txt
CODICE_GARF codice_garf.txt
SOGLIE_GARF soglie_csi_600.txt
RIV HECTOR r theta phi
1 300 160.6 -28.65
2 300 137.3 28.65
3 300 124.6 28.65
4 300 150.2 -28.65
5 300 150.2 151.35
6 300 124.6 151.35
7 300 137.3 208.65
8 300 160.6 208.64
 
