RIV GARFIELD_FORWARD cesio the0 themin themax
5 150.0 75.25 68.0 82.5 
6 172.0 60.0  53.0 66.0 
7 194.0 47.0 41.0 52.0 
8 216.0 34.85 29.5 40.0 
RIV GARFIELD_BACKWARD cesio the0 themin themax
1 216.0 145.15 139.9 150.4
2 194.0 133.0  127.5 138.5
3 172.0 120.0  113.5 126.5
4 150.0 104.75 97.5 112.0
RIV RCO_STRIP settore strip dist themin themax spessore (8 strip per ogni settore)
1 1 272 15.99 17.36 301
1 2 272 14.59 15.96 301
1 3 272 13.18 14.56 301
1 4 272 11.75 13.15 301
1 5 272 10.30 11.72 301
1 6 272 8.84 10.27  301
1 7 272 7.37 8.81   301
1 8 272 5.50 7.34   301
2 1 272 15.99 17.36 305
2 2 272 14.59 15.96 305
2 3 272 13.18 14.56 305
2 4 272 11.75 13.15 305
2 5 272 10.30 11.72 305
2 6 272 8.84 10.27  305
2 7 272 7.37 8.81   305
2 8 272 5.50 7.34   305
3 1 272 15.99 17.36 302
3 2 272 14.59 15.96 302
3 3 272 13.18 14.56 302
3 4 272 11.75 13.15 302
3 5 272 10.30 11.72 302
3 6 272 8.84 10.27  302
3 7 272 7.37 8.81   302
3 8 272 5.50 7.34   302
4 1 272 15.99 17.36 300
4 2 272 14.59 15.96 300
4 3 272 13.18 14.56 300
4 4 272 11.75 13.15 300
4 5 272 10.30 11.72 300
4 6 272 8.84 10.27  300
4 7 272 7.37 8.81   300
4 8 272 5.50 7.34   300
5 1 272 15.99 17.36 301
5 2 272 14.59 15.96 301
5 3 272 13.18 14.56 301
5 4 272 11.75 13.15 301
5 5 272 10.30 11.72 301
5 6 272 8.84 10.27  301
5 7 272 7.37 8.81   301
5 8 272 5.50 7.34   301
6 1 272 15.99 17.36 300
6 2 272 14.59 15.96 300
6 3 272 13.18 14.56 300
6 4 272 11.75 13.15 300
6 5 272 10.30 11.72 300
6 6 272 8.84 10.27  300
6 7 272 7.37 8.81   300
6 8 272 5.50 7.34   300
7 1 272 15.99 17.36 300
7 2 272 14.59 15.96 300
7 3 272 13.18 14.56 300
7 4 272 11.75 13.15 300
7 5 272 10.30 11.72 300
7 6 272 8.84 10.27  300
7 7 272 7.37 8.81   300
7 8 272 5.50 7.34   300
8 1 272 15.99 17.36 299
8 2 272 14.59 15.96 299
8 3 272 13.18 14.56 299
8 4 272 11.75 13.15 299
8 5 272 10.30 11.72 299
8 6 272 8.84 10.27  299
8 7 272 7.37 8.81   299
8 8 272 5.50 7.34   299
RIV RCO_GAS dist themin themax (8 settori)
1 182 5.50 17.36
2 182 5.50 17.36
3 182 5.50 17.36
4 182 5.50 17.36
5 182 5.50 17.36
6 182 5.50 17.36
7 182 5.50 17.36
8 182 5.50 17.36
RIV RCO_CSI dist the themin themax (6 cesi per ogni settore)#THETA NON A POSTO
1 309 15.97 14.59 17.36
2 309 15.97 14.59 17.36
3 309 13.15 11.75 14.56
4 309 13.15 11.75 14.56
5 309 8.61   5.50  11.72
6 309 8.61   5.50  11.72
PRESSIONE_GARFIELD 51 mbar
PRESSIONE_GARFIELD_BACK 20 mbar
TABELLA_PERDITE_GARFIELD tabella_perdite_garfield_600_light.txt
CODICE_GARF codice_garf_light.txt
SOGLIE_GARF soglie_csi_light.txt
PRESSIONE_RCO 52 mbar
TABELLA_PERDITE_RCO tabella_perdite_rco_csym.txt
CODICE_RCO_GAS codice_rco_gas_light.txt
CODICE_RCO_STRIP codice_rco_strip_light.txt
CODICE_RCO_CSI codice_rco_csi_light.txt
SOGLIE_RCO_CSI soglie_csi_rco_light.txt
MICRO_ROTTE garf_micro_rotte_csym.txt
