RIV FAZIETTINO blocco distanza_centro_blocco the0 phi0
0 803.44 5.5 351.48
1 803.44 5.5 261.48
2 803.44 5.5 171.48
3 803.44 5.5 81.48
FAZIA_SPESSORI blocco qua tele spesSi1 spesSi2
0 1 1 298 310
0 1 2 316 310
0 1 3 298 310
0 1 4 298 310
0 2 1 314 509
0 2 2 314 499
0 2 3 300 512
0 2 4 303 509
0 3 1 309 515
0 3 2 309 509
0 3 3 309 509
0 3 4 309 509
0 4 1 304 510
0 4 2 304 510
0 4 3 303 513
0 4 4 316 509
1 1 1 309 509
1 1 2 309 509
1 1 3 309 509
1 1 4 309 509
1 2 1 309 509
1 2 2 309 509
1 2 3 309 509
1 2 4 309 509
1 3 1 309 509
1 3 2 309 509
1 3 3 309 509
1 3 4 309 509
1 4 1 309 509
1 4 2 309 509
1 4 3 309 509
1 4 4 309 509
2 1 1 311 501
2 1 2 314 509
2 1 3 310 501
2 1 4 311 503
2 2 1 311 502
2 2 2 310 502
2 2 3 310 502
2 2 4 310 509
2 3 1 309 509
2 3 2 309 509
2 3 3 309 509
2 3 4 309 509
2 4 1 311 505
2 4 2 311 505
2 4 3 311 505
2 4 4 311 509
3 1 1 299 505
3 1 2 299 505
3 1 3 308 505
3 1 4 299 505
3 2 1 303 504 
3 2 2 303 505
3 2 3 299 505
3 2 4 303 505
3 3 1 311 510
3 3 2 311 509
3 3 3 312 510
3 3 4 311 510
3 4 1 309 509
3 4 2 309 509
3 4 3 309 509
3 4 4 309 502
FAZIA_TEL_ROTTI teleRotti/telerotti_faziasym_4848.txt
FAZIA_GRID_Si1Si2 teleID/ID_SI1_SI2_4848.dat.2garf_analisi.dat
FAZIA_GRID_Si2CsI teleID/ID_SI2_CSI_4848.dat.2garf_analisi.dat
FAZIA_GRID_Si1PSA teleID/ID_SI1_4848.dat.2garf_analisi.dat
FAZIA_LIMITI_PSA limiti/limitizid_faziasym_4848.txt


