#sec csi sogliap sogliad sogliat soglia3He sogliaalpha
 1 1     0     0     0     0     0
 1 2     0     0     0     0     0
 1 3     0     0     0     0     0
 1 4     0     0     0     0     0
 1 5   115   460   465  2020    75
 1 6   175   535   595  1945   100
 1 7   135   380   515  2610    75
 1 8   125   385   390  2220    75
 2 1     0     0     0     0     0
 2 2     0     0     0     0     0
 2 3     0     0     0     0     0
 2 4     0     0     0     0     0
 2 5   135   480   535  2045   105
 2 6   110   435   780  2380    85
 2 7   155   715   945  3175   110
 2 8   190   505   670  2395    80
 3 1     0     0     0     0     0
 3 2     0     0     0     0     0
 3 3    95   235   835   710   165
 3 4   100   370   525  1180   115
 3 5   125   410   790  2210   100
 3 6   140   505   730  2785   110
 3 7   170   720   855  3755   130
 3 8   145   335   515  1980    80
 4 1    65   915   945   645   180
 4 2   115   350   990   985   225
 4 3    80   205   815   895   140
 4 4    80   310   420  1470   165
 4 5   145   475   560  2105    80
 4 6   215   475   530  2500    90
 4 7   155   470   515  2135    85
 4 8   235   660  1055  3470   170
 5 1    70   190   670   840   185
 5 2    95   240  1035  1135   240
 5 3    70   245   700   680   130
 5 4    75   305   395   970   125
 5 5   150   480   555  1680    85
 5 6   150   530   785  2345   100
 5 7   160   445   505  1980    85
 5 8   175   345   650  1940    80
 6 1    90   315   865   785   185
 6 2    70   305   555   775   135
 6 3   160   595  1530  1400   295
 6 4    60   260   375  1415   130
 6 5   130   350   655  1680    70
 6 6   140   435   680  1880    80
 6 7   160   510   645  1935    90
 6 8   125   410   545  1645    75
 7 1     0     0     0     0     0
 7 2    80   300   955   780   190
 7 3    60   225   370  1170   140
 7 4   100   360   620  1440   200
 7 5   170   500   715  2285    90
 7 6   290   680  1085  3300   125
 7 7   195   515   795  2930    85
 7 8   185   595   995  3380   120
 8 1   105   345   885   815   185
 8 2    85   315   995   750   180
 8 3    60   220   710  1315   180
 8 4    90   340   795  1065   180
 8 5   115  1460   575  1805    70
 8 6   175   570   855  2790   100
 8 7   150  2060   580  2540    75
 8 8   135   395   480  1985    70
 9 1    85   310   850   770   160
 9 2    85   300   925   725   150
 9 3    75   320   810   810   160
 9 4    70   350   515   920   195
 9 5   110   420   535  2190    75
 9 6   120   420   510  2000    75
 9 7   115   390   585  1850    65
 9 8   100   420   560  2010    75
10 1    75   310   815   740   175
10 2    75   350   965   670   190
10 3    80   330   690   855   145
10 4    85   380   515  1025   195
10 5    95   340   515  1920    65
10 6   115   395   630  2205    65
10 7   145   460   555  1805    80
10 8   155   445   485  2485    80
11 1     0     0     0     0     0
11 2    70   295   815   665   150
11 3   100   365  1190  1050   210
11 4    80   280   560   960   175
11 5     0     0     0     0     0
11 6     0     0     0     0     0
11 7   140   435   620  1960   235
11 8   225   620   945  2710   280
12 1    95   825   910   720   200
12 2   100   375  1105  1025   195
12 3    95   345  1130   875   175
12 4   115   450   685   940   245
12 5   140   395   715  1820    80
12 6   150   530   550  2315    80
12 7   150   450   495  2155    75
12 8   200   485   730  2540    70
13 1     0     0     0     0     0
13 2    85   260   730   710   140
13 3    70   245   745   530   145
13 4   100   305   800   885   160
13 5   135   425   580  1460    75
13 6   140   340   475  2220    70
13 7   135   440   470  2190    75
13 8   160   405   485  1975    75
14 1   105   360  1065   830   280
14 2   100   385  1240   760   190
14 3    90   270   660   795   170
14 4    90   385   530  1050   190
14 5   150   350   495  1900    70
14 6   180  1620   705  2445   105
14 7   150   485   535  2730   100
14 8   145   400   570  2245    70
15 1    90   305   960   870   185
15 2    90   250   565   660   155
15 3    75   315   725   735   175
15 4    85   280   455  1545   180
15 5   110   360   505  1920    75
15 6   135   410   570  2035    80
15 7   265   525   730  3580   120
15 8   190   325   510  2145    80
16 1    95   215   825   625   165
16 2    80   315   785   640   170
16 3   100   370  1160   985   240
16 4    95   430   665   950   220
16 5   140   410   575  1985   225
16 6   200   520   630  2440   260
16 7   145   335   430  1930   185
16 8   160   425   725  2410   330
17 1     0     0     0     0     0
17 2    90   265   725   715   175
17 3    80   310   760   775   145
17 4     0     0     0     0     0
17 5     0     0     0     0     0
17 6   150   410   580  2255    75
17 7   220   455   595  2370    90
17 8   120   345   455  2000    75
18 1    80   320   970   635   175
18 2    75   265   905   615   145
18 3    90   405  1145   820   220
18 4    60   275   375  1525   145
18 5   160   435   660  2095    95
18 6   175   420   660  2175    95
18 7   175   450   675  2095    80
18 8   190   475   585  2345   105
19 1    80   240   775   645   165
19 2   105   395  1035   805   265
19 3    95  1085  1135   830   190
19 4    75   235   445  1470   145
19 5   150   390   740  2280    70
19 6   155   455   525  2265    80
19 7   165   410   565  1895    75
19 8   175   380   460  1830    75
20 1   105   295   840   695   200
20 2     0     0     0     0     0
20 3    90   250   770   830   175
20 4    90   255   410  1260   145
20 5   185   430   865  2275    85
20 6   195   485   755  3000   110
20 7   175   310   475  2005    70
20 8   195   505   750  1730    95
21 1   105   290   940   695   215
21 2    95   325  1010   760   160
21 3    80   265   620   625   145
21 4    85   315   490  1600   190
21 5     0     0     0     0     0
21 6   175   525   610  2115    90
21 7   195   500   690  2695   100
21 8   180   355   585  1680    75
22 1    85   260   775   715   175
22 2   130   415   990   965   245
22 3     0     0     0     0     0
22 4     0     0     0     0     0
22 5   170   415   740  2020    95
22 6   160   365   550  1580    75
22 7   180   420  1900  2360    95
22 8   175   390   540  1975    75
23 1   130   350  1140   735   210
23 2    90   250   925   425   120
23 3    95   290   645   725   180
23 4    75   795   385   625   140
23 5   170   355   625  1750    75
23 6   155   355   565  1730    70
23 7   175   475   550  2575    75
23 8   230   585   770  3565   105
24 1     0     0     0     0     0
24 2     0     0     0     0     0
24 3     0     0     0     0     0
24 4     0     0     0     0     0
24 5   195   480   640  2140    75
24 6   190   405   555  2040    80
24 7   200   520   680  2345    90
24 8   165   360   485  1825    60
