#TABELLA EFFICIENZA csi PER BL CLEANING
#CSI SETT #PRIMA #DOPO FATTORE
5 1 0 0.527657
5 2 1 1.000000
5 3 0 0.605367
5 4 0 0.615635
5 5 1 0.680026
5 6 1 0.583029
5 7 1 0.612712
5 8 1 0.562968
5 9 1 1.000000
5 10 1 0.694322
5 11 1 1.000000
5 12 1 0.569152
5 13 0 0.569693
5 14 0 0.594298
5 15 0 0.605729
5 16 0 0.549667
5 17 0 0.601166
5 18 1 1.000000
5 19 1 0.577494
5 20 1 0.575163
5 21 1 1.000000
5 22 0 0.596563
5 23 1 1.000000
5 24 0 0.538863
6 1 0 0.479907
6 2 0 0.586089
6 3 1 0.722177
6 4 1 0.208480
6 5 1 1.000000
6 6 0 0.580735
6 7 0 0.577329
6 8 0 0.557178
6 9 0 0.884512
6 10 0 0.710363
6 11 0 0.601973
6 12 0 0.546649
6 13 0 0.513803
6 14 0 0.436070
6 15 1 1.000000
6 16 0 0.510922
6 17 0 0.498530
6 18 0 0.563616
6 19 0 0.547183
6 20 0 0.543544
6 21 0 0.582003
6 22 0 0.487895
6 23 1 0.576479
6 24 0 0.515469
7 1 1 1.807443
7 2 1 0.558783
7 3 0 0.526693
7 4 0 0.600218
7 5 0 0.426176
7 6 0 0.551481
7 7 1 0.496353
7 8 0 0.513026
7 9 0 0.726999
7 10 0 0.649796
7 11 0 0.518389
7 12 0 0.532163
7 13 0 0.541622
7 14 0 0.529739
7 15 1 0.532360
7 16 0 0.516700
7 17 0 0.529391
7 18 0 0.471572
7 19 0 0.446022
7 20 0 0.474534
7 21 0 0.538241
7 22 1 1.000000
7 23 1 0.553129
7 24 0 0.529735
8 1 0 0.481627
8 2 1 0.543237
8 3 0 0.427214
8 4 1 0.540552
8 5 0 0.513768
8 6 0 0.501831
8 7 1 0.507733
8 8 0 0.491382
8 9 0 0.701470
8 10 0 0.672916
8 11 0 0.518303
8 12 1 0.355031
8 13 0 0.476495
8 14 0 0.520610
8 15 0 0.501506
8 16 1 1.000000
8 17 1 1.000000
8 18 0 0.522567
8 19 0 0.477450
8 20 0 0.468364
8 21 0 0.467279
8 22 0 0.545573
8 23 1 0.453018
8 24 0 0.423703
