#TABELLA EFFICIENZA csi PER BL CLEANING
#CSI SETT #PRIMA #DOPO FATTORE
5 1 0 0.763424
5 2 1 1.000000
5 3 0 0.814311
5 4 0 0.817000
5 5 1 0.097465
5 6 1 0.786143
5 7 1 0.803475
5 8 1 0.787877
5 9 1 0.746957
5 10 1 0.773652
5 11 1 1.000000
5 12 1 0.787517
5 13 0 0.785074
5 14 0 0.795253
5 15 0 0.804348
5 16 0 0.769797
5 17 0 0.825078
5 18 1 1.000000
5 19 1 0.810241
5 20 1 0.815961
5 21 1 1.000000
5 22 0 0.806275
5 23 1 1.000000
5 24 0 0.762985
6 1 0 0.701627
6 2 0 0.794613
6 3 1 0.840155
6 4 1 0.608640
6 5 1 0.836597
6 6 0 0.796133
6 7 0 0.797714
6 8 0 0.783728
6 9 0 0.774202
6 10 0 0.786864
6 11 0 0.801458
6 12 0 0.764313
6 13 0 0.702592
6 14 0 0.649306
6 15 1 1.000000
6 16 0 0.690004
6 17 0 0.693904
6 18 0 0.775348
6 19 0 0.745232
6 20 0 0.759554
6 21 0 0.748748
6 22 0 0.647977
6 23 1 0.702262
6 24 0 0.697830
7 1 1 5.161658
7 2 1 0.741345
7 3 1 0.704607
7 4 0 0.733841
7 5 0 0.584218
7 6 0 0.701135
7 7 1 0.649482
7 8 0 0.676215
7 9 0 0.644527
7 10 0 0.605307
7 11 0 0.651206
7 12 0 0.670421
7 13 0 0.672975
7 14 0 0.684264
7 15 1 0.682800
7 16 0 0.634440
7 17 0 0.681991
7 18 0 0.624276
7 19 0 0.606995
7 20 0 0.612451
7 21 0 0.682377
7 22 1 1.000000
7 23 1 0.644587
7 24 0 0.665635
8 1 1 0.587247
8 2 1 0.649436
8 3 0 0.509283
8 4 1 0.676372
8 5 0 0.606403
8 6 0 0.591008
8 7 1 0.638935
8 8 0 0.586553
8 9 0 0.524587
8 10 0 0.589950
8 11 0 0.609723
8 12 1 0.388493
8 13 0 0.558428
8 14 0 0.589333
8 15 0 0.598023
8 16 1 1.000000
8 17 1 1.000000
8 18 0 0.642832
8 19 0 0.580796
8 20 0 0.582333
8 21 0 0.539659
8 22 0 0.598214
8 23 1 0.538841
8 24 0 0.495365
