#TGraphErrors
gtz1
gtz2
gtz3
gtz4
gtz5
gtz6
gtz7
gtz8
gtz9
gtz10
gtz11
gtz11
gtz12
gtz13
gtz14
gtz15
gtz16
gtz17
gtz18
gtz19
gtz20
gtz21
gtz22
gtz23
gtz24
gtz25
gtnz
gqpnz

# n.istogramma chanx xmin xmax chany xmin xmax commenti
# 1D

neventi 200 0 200 1 1 1


code2 400 0 400 1 1 1
code 350 0 350 1 1 1
molt 50 0 50 1 1 1

# 2D

ros 2000 -20 20 2000 -20 20

zv 150 0 150 40 0 40
zvm 150 0 150 40 0 40
zvcm 150 0 150 40 0 40
zn 5000 0 5000 1 1 1
znqp 5000 0 5000 1 1 1

#ab0q1t1 2000 0 2000 25 0 25
#ab0q1t2 2000 0 2000 25 0 25
#ab0q1t3 2000 0 2000 25 0 25
#ab0q1t4 2000 0 2000 25 0 25
#ab0q2t1 2000 0 2000 25 0 25
#ab0q2t2 2000 0 2000 25 0 25
#ab0q2t3 2000 0 2000 25 0 25
#ab0q2t4 2000 0 2000 25 0 25
#ab0q3t1 2000 0 2000 25 0 25
#ab0q3t2 2000 0 2000 25 0 25
#ab0q3t3 2000 0 2000 25 0 25
#ab0q3t4 2000 0 2000 25 0 25
#ab0q4t1 2000 0 2000 25 0 25
#ab0q4t2 2000 0 2000 25 0 25
#ab0q4t3 2000 0 2000 25 0 25
#ab0q4t4 2000 0 2000 25 0 25
#ab1q1t1 2000 0 2000 25 0 25
#ab1q1t2 2000 0 2000 25 0 25
#ab1q1t3 2000 0 2000 25 0 25
#ab1q1t4 2000 0 2000 25 0 25
#ab1q2t1 2000 0 2000 25 0 25
#ab1q2t2 2000 0 2000 25 0 25
#ab1q2t3 2000 0 2000 25 0 25
#ab1q2t4 2000 0 2000 25 0 25
#ab1q3t1 2000 0 2000 25 0 25
#ab1q3t2 2000 0 2000 25 0 25
#ab1q3t3 2000 0 2000 25 0 25
#ab1q3t4 2000 0 2000 25 0 25
#ab1q4t1 2000 0 2000 25 0 25
#ab1q4t2 2000 0 2000 25 0 25
#ab1q4t3 2000 0 2000 25 0 25
#ab1q4t4 2000 0 2000 25 0 25
#ab2q1t1 2000 0 2000 25 0 25
#ab2q1t2 2000 0 2000 25 0 25
#ab2q1t3 2000 0 2000 25 0 25
#ab2q1t4 2000 0 2000 25 0 25
#ab2q2t1 2000 0 2000 25 0 25
#ab2q2t2 2000 0 2000 25 0 25
#ab2q2t3 2000 0 2000 25 0 25
#ab2q2t4 2000 0 2000 25 0 25
#ab2q3t1 2000 0 2000 25 0 25
#ab2q3t2 2000 0 2000 25 0 25
#ab2q3t3 2000 0 2000 25 0 25
#ab2q3t4 2000 0 2000 25 0 25
#ab2q4t1 2000 0 2000 25 0 25
#ab2q4t2 2000 0 2000 25 0 25
#ab2q4t3 2000 0 2000 25 0 25
#ab2q4t4 2000 0 2000 25 0 25
#ab3q1t1 2000 0 2000 25 0 25
#ab3q1t2 2000 0 2000 25 0 25
#ab3q1t3 2000 0 2000 25 0 25
#ab3q1t4 2000 0 2000 25 0 25
#ab3q2t1 2000 0 2000 25 0 25
#ab3q2t2 2000 0 2000 25 0 25
#ab3q2t3 2000 0 2000 25 0 25
#ab3q2t4 2000 0 2000 25 0 25
#ab3q3t1 2000 0 2000 25 0 25
#ab3q3t2 2000 0 2000 25 0 25
#ab3q3t3 2000 0 2000 25 0 25
#ab3q3t4 2000 0 2000 25 0 25
#ab3q4t1 2000 0 2000 25 0 25
#ab3q4t2 2000 0 2000 25 0 25
#ab3q4t3 2000 0 2000 25 0 25
#ab3q4t4 2000 0 2000 25 0 25


#zb0q1t1 2000 0 2000 40 0 40
#zb0q1t2 2000 0 2000 40 0 40
#zb0q1t3 2000 0 2000 40 0 40
#zb0q1t4 2000 0 2000 40 0 40
#zb0q2t1 2000 0 2000 40 0 40
#zb0q2t2 2000 0 2000 40 0 40
#zb0q2t3 2000 0 2000 40 0 40
#zb0q2t4 2000 0 2000 40 0 40
#zb0q3t1 2000 0 2000 40 0 40
#zb0q3t2 2000 0 2000 40 0 40
#zb0q3t3 2000 0 2000 40 0 40
#zb0q3t4 2000 0 2000 40 0 40
#zb0q4t1 2000 0 2000 40 0 40
#zb0q4t2 2000 0 2000 40 0 40
#zb0q4t3 2000 0 2000 40 0 40
#zb0q4t4 2000 0 2000 40 0 40
#zb1q1t1 2000 0 2000 40 0 40
#zb1q1t2 2000 0 2000 40 0 40
#zb1q1t3 2000 0 2000 40 0 40
#zb1q1t4 2000 0 2000 40 0 40
#zb1q2t1 2000 0 2000 40 0 40
#zb1q2t2 2000 0 2000 40 0 40
#zb1q2t3 2000 0 2000 40 0 40
#zb1q2t4 2000 0 2000 40 0 40
#zb1q3t1 2000 0 2000 40 0 40
#zb1q3t2 2000 0 2000 40 0 40
#zb1q3t3 2000 0 2000 40 0 40
#zb1q3t4 2000 0 2000 40 0 40
#zb1q4t1 2000 0 2000 40 0 40
#zb1q4t2 2000 0 2000 40 0 40
#zb1q4t3 2000 0 2000 40 0 40
#zb1q4t4 2000 0 2000 40 0 40
#zb2q1t1 2000 0 2000 40 0 40
#zb2q1t2 2000 0 2000 40 0 40
#zb2q1t3 2000 0 2000 40 0 40
#zb2q1t4 2000 0 2000 40 0 40
#zb2q2t1 2000 0 2000 40 0 40
#zb2q2t2 2000 0 2000 40 0 40
#zb2q2t3 2000 0 2000 40 0 40
#zb2q2t4 2000 0 2000 40 0 40
#zb2q3t1 2000 0 2000 40 0 40
#zb2q3t2 2000 0 2000 40 0 40
#zb2q3t3 2000 0 2000 40 0 40
#zb2q3t4 2000 0 2000 40 0 40
#zb2q4t1 2000 0 2000 40 0 40
#zb2q4t2 2000 0 2000 40 0 40
#zb2q4t3 2000 0 2000 40 0 40
#zb2q4t4 2000 0 2000 40 0 40
#zb3q1t1 2000 0 2000 40 0 40
#zb3q1t2 2000 0 2000 40 0 40
#zb3q1t3 2000 0 2000 40 0 40
#zb3q1t4 2000 0 2000 40 0 40
#zb3q2t1 2000 0 2000 40 0 40
#zb3q2t2 2000 0 2000 40 0 40
#zb3q2t3 2000 0 2000 40 0 40
#zb3q2t4 2000 0 2000 40 0 40
#zb3q3t1 2000 0 2000 40 0 40
#zb3q3t2 2000 0 2000 40 0 40
#zb3q3t3 2000 0 2000 40 0 40
#zb3q3t4 2000 0 2000 40 0 40
#zb3q4t1 2000 0 2000 40 0 40
#zb3q4t2 2000 0 2000 40 0 40
#zb3q4t3 2000 0 2000 40 0 40
#zb3q4t4 2000 0 2000 40 0 40

