#Limiti di energia lasciata in Si1 per identificazione in Z e A per PSA Imax-E in Si1
#blocco qua tel Z ESi1minZid ESi1maxZid ESi1minAid ESi1maxAid
0 1 1 2 6.0 41.0 -1  -1 
0 1 1 3 11.0 72.0 -1  -1 
0 1 1 4 16.0 85.0 20.0 85.0
0 1 1 5 20.0 121.0 56.0 121.0
0 1 1 6 27.0 158.0 79.0 158.0
0 1 1 7 36.0 202.0 130.0 197.0
0 1 1 8 47.0 242.0 154.0 239.0
0 1 1 9 58.0 288.0 -1  -1 
0 1 1 10 70.0 329.0 -1  -1 
0 1 1 11 83.0 378.0 -1  -1 
0 1 1 12 100.0 428.0 -1  -1 
0 1 1 13 123.0 476.0 -1  -1 
0 1 1 14 137.0 537.0 -1  -1 
0 1 1 15 154.0 589.0 -1  -1 
0 1 1 16 178.0 648.0 -1  -1 
0 1 1 17 192.0 700.0 -1  -1 
0 1 1 18 218.0 772.0 -1  -1 
0 1 1 19 251.0 822.0 -1  -1 
0 1 1 20 268.0 864.0 -1  -1 
0 1 2 2 6.0 43.0 -1  -1 
0 1 2 3 12.0 68.0 -1  -1 
0 1 2 4 18.0 89.0 20.0 84.0
0 1 2 5 26.0 127.0 55.0 117.0
0 1 2 6 35.0 155.0 75.0 152.0
0 1 2 7 45.0 196.0 100.0 194.0
0 1 2 8 58.0 234.0 122.0 234.0
0 1 2 9 69.0 280.0 162.0 280.0
0 1 2 10 80.0 329.0 201.0 329.0
0 1 2 11 94.0 371.0 251.0 371.0
0 1 2 12 112.0 419.0 296.0 419.0
0 1 2 13 126.0 471.0 359.0 471.0
0 1 2 14 150.0 523.0 -1  -1 
0 1 2 15 173.0 581.0 -1  -1 
0 1 2 16 196.0 640.0 -1  -1 
0 1 2 17 213.0 686.0 -1  -1 
0 1 2 18 252.0 745.0 -1  -1 
0 1 2 19 266.0 808.0 -1  -1 
0 1 2 20 297.0 873.0 -1  -1 
0 1 2 21 335.0 944.0 -1  -1 
0 1 2 22 363.0 951.0 -1  -1 
0 1 2 23 443.0 765.0 -1  -1 
0 1 2 24 425.0 1018.0 -1  -1 
0 1 3 2 6.0 45.0 -1  -1 
0 1 3 3 12.0 63.0 -1  -1 
0 1 3 4 16.0 89.0 16.0 89.0
0 1 3 5 23.0 121.0 60.0 117.0
0 1 3 6 31.0 157.0 79.0 157.0
0 1 3 7 39.0 204.0 98.0 196.0
0 1 3 8 52.0 247.0 125.0 239.0
0 1 3 9 65.0 283.0 175.0 283.0
0 1 3 10 82.0 328.0 218.0 328.0
0 1 3 11 96.0 377.0 258.0 377.0
0 1 3 12 121.0 433.0 301.0 425.0
0 1 3 13 135.0 474.0 341.0 474.0
0 1 3 14 154.0 531.0 379.0 531.0
0 1 3 15 184.0 591.0 -1  -1 
0 1 3 16 208.0 641.0 -1  -1 
0 1 3 17 239.0 717.0 -1  -1 
0 1 3 18 267.0 763.0 -1  -1 
0 1 3 19 324.0 826.0 -1  -1 
0 1 3 20 338.0 886.0 -1  -1 
0 1 3 21 371.0 931.0 -1  -1 
0 1 3 22 486.0 1003.0 -1  -1 
0 1 3 23 455.0 1059.0 -1  -1 
0 1 3 24 521.0 1111.0 -1  -1 
0 1 4 2 6.0 36.0 -1  -1 
0 1 4 3 11.0 55.0 -1  -1 
0 1 4 4 17.0 90.0 17.0 90.0
0 1 4 5 21.0 120.0 22.0 120.0
0 1 4 6 30.0 164.0 65.0 159.0
0 1 4 7 38.0 203.0 87.0 198.0
0 1 4 8 49.0 240.0 112.0 240.0
0 1 4 9 56.0 285.0 137.0 284.0
0 1 4 10 67.0 330.0 179.0 330.0
0 1 4 11 85.0 377.0 220.0 377.0
0 1 4 12 101.0 429.0 270.0 429.0
0 1 4 13 123.0 482.0 323.0 482.0
0 1 4 14 142.0 525.0 392.0 525.0
0 1 4 15 176.0 590.0 449.0 578.0
0 1 4 16 199.0 645.0 -1  -1 
0 1 4 17 259.0 707.0 -1  -1 
0 1 4 18 314.0 768.0 -1  -1 
0 1 4 19 354.0 819.0 -1  -1 
0 1 4 20 402.0 739.0 -1  -1 
0 1 4 21 441.0 862.0 -1  -1 
0 1 4 22 495.0 851.0 -1  -1 
0 2 2 1 2.0 22.0 -1  -1 
0 2 2 2 6.0 39.0 -1  -1 
0 2 2 3 14.0 69.0 -1  -1 
0 2 2 4 22.0 85.0 -1  -1 
0 2 2 5 32.0 126.0 -1  -1 
0 2 2 6 40.0 150.0 -1  -1 
0 2 2 7 53.0 192.0 -1  -1 
0 2 2 8 66.0 236.0 -1  -1 
0 2 2 9 80.0 285.0 -1  -1 
0 2 2 10 100.0 329.0 -1  -1 
0 2 2 11 101.0 377.0 -1  -1 
0 2 2 12 129.0 415.0 -1  -1 
0 2 2 13 148.0 471.0 -1  -1 
0 2 2 14 171.0 527.0 -1  -1 
0 2 2 15 196.0 567.0 -1  -1 
0 2 2 16 223.0 629.0 -1  -1 
0 2 2 17 258.0 690.0 -1  -1 
0 2 2 18 286.0 760.0 -1  -1 
0 2 2 19 314.0 812.0 -1  -1 
0 2 2 20 362.0 876.0 -1  -1 
0 2 2 21 398.0 948.0 -1  -1 
0 2 2 22 458.0 1002.0 -1  -1 
0 2 2 23 514.0 1060.0 -1  -1 
0 2 2 24 568.0 1129.0 -1  -1 
0 2 2 25 662.0 1189.0 -1  -1 
0 2 2 26 672.0 1214.0 -1  -1 
0 2 2 27 840.0 1294.0 -1  -1 
0 2 2 28 1073.0 1269.0 -1  -1 
0 2 3 2 7.0 49.0 -1  -1 
0 2 3 3 11.0 65.0 -1  -1 
0 2 3 4 18.0 91.0 19.0 84.0
0 2 3 5 27.0 137.0 56.0 120.0
0 2 3 6 34.0 156.0 77.0 156.0
0 2 3 7 42.0 206.0 110.0 200.0
0 2 3 8 52.0 241.0 146.0 241.0
0 2 3 9 66.0 280.0 176.0 280.0
0 2 3 10 76.0 332.0 213.0 332.0
0 2 3 11 86.0 385.0 257.0 374.0
0 2 3 12 100.0 427.0 302.0 427.0
0 2 3 13 119.0 477.0 361.0 475.0
0 2 3 14 133.0 533.0 409.0 526.0
0 2 3 15 137.0 587.0 -1  -1 
0 2 3 16 166.0 651.0 -1  -1 
0 2 3 17 186.0 707.0 -1  -1 
0 2 3 18 222.0 773.0 -1  -1 
0 2 3 19 253.0 840.0 -1  -1 
0 2 3 20 276.0 902.0 -1  -1 
0 2 3 21 308.0 976.0 -1  -1 
0 2 3 22 337.0 1023.0 -1  -1 
0 2 3 23 359.0 1091.0 -1  -1 
0 2 3 24 440.0 1156.0 -1  -1 
0 2 3 25 456.0 1220.0 -1  -1 
0 2 3 26 570.0 1260.0 -1  -1 
0 2 3 27 670.0 1346.0 -1  -1 
0 2 3 28 968.0 1414.0 -1  -1 
0 2 3 29 1003.0 1389.0 -1  -1 
0 2 3 31 1552.0 1575.0 -1  -1 
0 3 4 2 6.0 40.0 -1  -1 
0 3 4 3 12.0 68.0 -1  -1 
0 3 4 4 18.0 87.0 20.0 85.0
0 3 4 5 25.0 123.0 59.0 116.0
0 3 4 6 33.0 158.0 81.0 155.0
0 3 4 7 45.0 191.0 106.0 191.0
0 3 4 8 60.0 236.0 129.0 236.0
0 3 4 9 72.0 279.0 156.0 279.0
0 3 4 10 87.0 326.0 189.0 326.0
0 3 4 11 104.0 371.0 227.0 371.0
0 3 4 12 119.0 416.0 271.0 416.0
0 3 4 13 143.0 469.0 353.0 468.0
0 3 4 14 163.0 526.0 395.0 518.0
0 3 4 15 194.0 583.0 452.0 571.0
0 3 4 16 219.0 629.0 -1  -1 
0 3 4 17 248.0 688.0 -1  -1 
0 3 4 18 300.0 747.0 -1  -1 
0 3 4 19 346.0 812.0 -1  -1 
0 3 4 20 389.0 874.0 -1  -1 
0 3 4 21 433.0 933.0 -1  -1 
0 3 4 22 491.0 1004.0 -1  -1 
0 3 4 23 525.0 1063.0 -1  -1 
0 3 4 24 564.0 1120.0 -1  -1 
0 3 4 25 816.0 1108.0 -1  -1 
0 3 4 26 1171.0 1188.0 -1  -1 
0 4 1 2 7.0 39.0 -1  -1 
0 4 1 3 4.0 58.0 -1  -1 
0 4 1 4 22.0 94.0 23.0 85.0
0 4 1 5 30.0 120.0 46.0 120.0
0 4 1 6 37.0 157.0 69.0 157.0
0 4 1 7 48.0 197.0 92.0 197.0
0 4 1 8 60.0 243.0 116.0 243.0
0 4 1 9 75.0 284.0 145.0 284.0
0 4 1 10 93.0 329.0 184.0 329.0
0 4 1 11 105.0 377.0 235.0 377.0
0 4 1 12 126.0 424.0 285.0 420.0
0 4 1 13 145.0 481.0 343.0 481.0
0 4 1 14 161.0 525.0 -1  -1 
0 4 1 15 187.0 590.0 -1  -1 
0 4 1 16 259.0 647.0 -1  -1 
0 4 1 17 294.0 697.0 -1  -1 
0 4 1 18 333.0 757.0 -1  -1 
0 4 1 19 364.0 807.0 -1  -1 
0 4 1 20 406.0 851.0 -1  -1 
0 4 1 21 437.0 912.0 -1  -1 
0 4 1 22 495.0 580.0 -1  -1 
0 4 2 2 6.0 36.0 -1  -1 
0 4 2 3 12.0 58.0 -1  -1 
0 4 2 4 19.0 88.0 19.0 86.0
0 4 2 5 28.0 128.0 55.0 118.0
0 4 2 6 36.0 160.0 78.0 153.0
0 4 2 7 46.0 200.0 105.0 192.0
0 4 2 8 59.0 243.0 132.0 235.0
0 4 2 9 74.0 290.0 164.0 276.0
0 4 2 10 89.0 335.0 199.0 322.0
0 4 2 11 107.0 377.0 244.0 365.0
0 4 2 12 132.0 425.0 286.0 418.0
0 4 2 13 154.0 471.0 337.0 465.0
0 4 2 14 183.0 529.0 391.0 522.0
0 4 2 15 216.0 596.0 450.0 577.0
0 4 2 16 245.0 634.0 -1  -1 
0 4 2 17 277.0 701.0 -1  -1 
0 4 2 18 303.0 762.0 -1  -1 
0 4 2 19 333.0 814.0 -1  -1 
0 4 2 20 375.0 873.0 -1  -1 
0 4 2 21 426.0 932.0 -1  -1 
0 4 2 22 478.0 990.0 -1  -1 
0 4 2 23 557.0 1014.0 -1  -1 
0 4 2 24 780.0 796.0 -1  -1 
0 4 3 2 6.0 49.0 -1  -1 
0 4 3 3 11.0 71.0 -1  -1 
0 4 3 4 17.0 91.0 18.0 87.0
0 4 3 5 25.0 122.0 50.0 118.0
0 4 3 6 33.0 166.0 69.0 154.0
0 4 3 7 43.0 199.0 94.0 199.0
0 4 3 8 53.0 243.0 123.0 243.0
0 4 3 9 68.0 286.0 155.0 286.0
0 4 3 10 82.0 330.0 185.0 330.0
0 4 3 11 94.0 379.0 226.0 379.0
0 4 3 12 116.0 432.0 274.0 432.0
0 4 3 13 140.0 480.0 340.0 480.0
0 4 3 14 157.0 535.0 385.0 532.0
0 4 3 15 184.0 590.0 463.0 589.0
0 4 3 16 202.0 659.0 -1  -1 
0 4 3 17 286.0 701.0 -1  -1 
0 4 3 18 345.0 765.0 -1  -1 
0 4 3 19 392.0 809.0 -1  -1 
0 4 3 20 443.0 890.0 -1  -1 
0 4 3 21 474.0 955.0 -1  -1 
0 4 3 22 533.0 941.0 -1  -1 
0 4 3 23 544.0 1049.0 -1  -1 
0 4 3 24 752.0 760.0 -1  -1 
1 1 1 2 6.0 40.0 -1  -1 
1 1 1 3 11.0 70.0 -1  -1 
1 1 1 4 17.0 85.0 18.0 83.0
1 1 1 5 24.0 123.0 55.0 115.0
1 1 1 6 34.0 152.0 74.0 152.0
1 1 1 7 44.0 194.0 93.0 194.0
1 1 1 8 53.0 230.0 115.0 230.0
1 1 1 9 65.0 277.0 149.0 277.0
1 1 1 10 82.0 324.0 188.0 324.0
1 1 1 11 98.0 371.0 226.0 367.0
1 1 1 12 108.0 419.0 265.0 419.0
1 1 1 13 126.0 473.0 314.0 465.0
1 1 1 14 138.0 519.0 350.0 519.0
1 1 1 15 162.0 581.0 406.0 571.0
1 1 1 16 190.0 634.0 450.0 628.0
1 1 1 17 224.0 684.0 510.0 684.0
1 1 1 18 251.0 746.0 572.0 746.0
1 1 1 19 282.0 814.0 -1  -1 
1 1 1 20 312.0 882.0 -1  -1 
1 1 1 21 356.0 944.0 -1  -1 
1 1 1 22 395.0 1016.0 -1  -1 
1 1 1 23 453.0 1072.0 -1  -1 
1 1 1 24 503.0 1135.0 -1  -1 
1 1 1 25 534.0 1201.0 -1  -1 
1 1 1 26 573.0 1275.0 -1  -1 
1 1 1 27 614.0 1334.0 -1  -1 
1 1 1 28 632.0 1391.0 -1  -1 
1 1 1 29 672.0 1461.0 -1  -1 
1 1 1 30 708.0 1529.0 -1  -1 
1 1 1 31 759.0 1590.0 -1  -1 
1 1 1 32 825.0 1660.0 -1  -1 
1 1 1 33 847.0 1717.0 -1  -1 
1 1 2 1 24.0 26.0 -1  -1 
1 1 2 2 32.0 42.0 -1  -1 
1 1 2 3 35.0 68.0 -1  -1 
1 1 2 4 45.0 108.0 -1  -1 
1 1 2 5 63.0 120.0 -1  -1 
1 1 2 6 78.0 168.0 -1  -1 
1 1 2 7 98.0 202.0 -1  -1 
1 1 2 8 124.0 242.0 -1  -1 
1 1 2 9 150.0 280.0 -1  -1 
1 1 2 10 180.0 327.0 -1  -1 
1 1 2 11 206.0 372.0 -1  -1 
1 1 2 12 236.0 428.0 -1  -1 
1 1 2 13 268.0 483.0 -1  -1 
1 1 2 14 304.0 537.0 -1  -1 
1 1 2 15 335.0 585.0 -1  -1 
1 1 2 16 378.0 638.0 -1  -1 
1 1 2 17 412.0 705.0 -1  -1 
1 1 2 18 459.0 763.0 -1  -1 
1 1 2 19 499.0 834.0 -1  -1 
1 1 2 20 547.0 894.0 -1  -1 
1 1 2 21 601.0 956.0 -1  -1 
1 1 2 22 643.0 1017.0 -1  -1 
1 1 2 23 693.0 1087.0 -1  -1 
1 1 2 24 746.0 1141.0 -1  -1 
1 1 2 25 788.0 1210.0 -1  -1 
1 1 2 26 843.0 1279.0 -1  -1 
1 1 2 27 896.0 1336.0 -1  -1 
1 1 2 28 966.0 1401.0 -1  -1 
1 1 2 29 1008.0 1466.0 -1  -1 
1 1 2 30 1074.0 1522.0 -1  -1 
1 1 2 31 1136.0 1578.0 -1  -1 
1 1 2 32 1209.0 1621.0 -1  -1 
1 1 2 33 1266.0 1683.0 -1  -1 
1 1 2 34 1558.0 1730.0 -1  -1 
1 1 2 35 1733.0 1770.0 -1  -1 
1 2 1 2 6.0 22.0 -1  -1 
1 2 1 3 12.0 51.0 24.0 41.0
1 2 1 4 18.0 78.0 25.0 76.0
1 2 1 5 25.0 106.0 46.0 100.0
1 2 1 6 34.0 140.0 63.0 137.0
1 2 1 7 41.0 175.0 86.0 170.0
1 2 1 8 52.0 213.0 108.0 205.0
1 2 1 9 63.0 253.0 133.0 248.0
1 2 1 10 78.0 294.0 162.0 291.0
1 2 1 11 91.0 340.0 204.0 340.0
1 2 1 12 105.0 389.0 246.0 383.0
1 2 1 13 122.0 439.0 292.0 428.0
1 2 1 14 143.0 490.0 340.0 479.0
1 2 1 15 164.0 540.0 396.0 533.0
1 2 1 16 187.0 593.0 444.0 583.0
1 2 1 17 216.0 650.0 499.0 635.0
1 2 1 18 251.0 710.0 548.0 694.0
1 2 1 19 282.0 770.0 -1  -1 
1 2 1 20 317.0 831.0 -1  -1 
1 2 1 21 344.0 896.0 -1  -1 
1 2 1 22 381.0 955.0 -1  -1 
1 2 1 23 418.0 1016.0 -1  -1 
1 2 1 24 446.0 1076.0 -1  -1 
1 2 1 25 481.0 1140.0 -1  -1 
1 2 1 26 521.0 1203.0 -1  -1 
1 2 1 27 543.0 1258.0 -1  -1 
1 2 1 28 580.0 1310.0 -1  -1 
1 2 1 29 611.0 1372.0 -1  -1 
1 2 1 30 653.0 1439.0 -1  -1 
1 2 1 31 697.0 1499.0 -1  -1 
1 2 1 32 743.0 1583.0 -1  -1 
1 2 1 33 796.0 1625.0 -1  -1 
1 2 1 34 838.0 1694.0 -1  -1 
1 2 1 35 948.0 1730.0 -1  -1 
1 2 1 36 972.0 1420.0 -1  -1 
1 2 2 2 7.0 46.0 -1  -1 
1 2 2 3 11.0 74.0 21.0 66.0
1 2 2 4 19.0 100.0 22.0 86.0
1 2 2 5 25.0 119.0 52.0 119.0
1 2 2 6 34.0 164.0 69.0 164.0
1 2 2 7 43.0 195.0 96.0 195.0
1 2 2 8 54.0 236.0 122.0 236.0
1 2 2 9 66.0 284.0 158.0 284.0
1 2 2 10 80.0 336.0 194.0 329.0
1 2 2 11 94.0 374.0 242.0 374.0
1 2 2 12 108.0 434.0 283.0 423.0
1 2 2 13 123.0 484.0 322.0 474.0
1 2 2 14 144.0 535.0 365.0 531.0
1 2 2 15 163.0 595.0 408.0 588.0
1 2 2 16 186.0 652.0 458.0 647.0
1 2 2 17 205.0 716.0 520.0 704.0
1 2 2 18 241.0 765.0 584.0 764.0
1 2 2 19 290.0 835.0 -1  -1 
1 2 2 20 336.0 901.0 -1  -1 
1 2 2 21 374.0 964.0 -1  -1 
1 2 2 22 416.0 1027.0 -1  -1 
1 2 2 23 448.0 1100.0 -1  -1 
1 2 2 24 485.0 1172.0 -1  -1 
1 2 2 25 519.0 1247.0 -1  -1 
1 2 2 26 564.0 1318.0 -1  -1 
1 2 2 27 616.0 1377.0 -1  -1 
1 2 2 28 655.0 1435.0 -1  -1 
1 2 2 29 691.0 1521.0 -1  -1 
1 2 2 30 737.0 1587.0 -1  -1 
1 2 2 31 783.0 1656.0 -1  -1 
1 2 2 32 836.0 1725.0 -1  -1 
1 2 2 33 870.0 1787.0 -1  -1 
1 2 2 34 916.0 1862.0 -1  -1 
1 2 2 35 972.0 1926.0 -1  -1 
1 2 2 36 1021.0 1986.0 -1  -1 
1 3 3 2 6.0 47.0 -1  -1 
1 3 3 3 13.0 68.0 20.0 58.0
1 3 3 4 19.0 89.0 23.0 89.0
1 3 3 5 30.0 128.0 47.0 124.0
1 3 3 6 39.0 162.0 66.0 162.0
1 3 3 7 48.0 201.0 87.0 201.0
1 3 3 8 62.0 251.0 119.0 248.0
1 3 3 9 75.0 297.0 149.0 295.0
1 3 3 10 89.0 348.0 186.0 343.0
1 3 3 11 106.0 391.0 230.0 391.0
1 3 3 12 122.0 444.0 271.0 444.0
1 3 3 13 145.0 500.0 326.0 500.0
1 3 3 14 167.0 552.0 374.0 552.0
1 3 3 15 190.0 616.0 425.0 616.0
1 3 3 16 213.0 674.0 478.0 674.0
1 3 3 17 241.0 734.0 -1  -1 
1 3 3 18 269.0 802.0 -1  -1 
1 3 3 19 301.0 872.0 -1  -1 
1 3 3 20 330.0 933.0 -1  -1 
1 3 3 21 373.0 1004.0 -1  -1 
1 3 3 22 407.0 1070.0 -1  -1 
1 3 3 23 451.0 1148.0 -1  -1 
1 3 3 24 487.0 1210.0 -1  -1 
1 3 3 25 534.0 1288.0 -1  -1 
1 3 3 26 563.0 1358.0 -1  -1 
1 3 3 27 609.0 1432.0 -1  -1 
1 3 3 28 647.0 1512.0 -1  -1 
1 3 3 29 678.0 1576.0 -1  -1 
1 3 3 30 729.0 1641.0 -1  -1 
1 3 3 31 765.0 1715.0 -1  -1 
1 3 3 32 812.0 1794.0 -1  -1 
1 3 3 33 854.0 1865.0 -1  -1 
1 3 3 34 909.0 1942.0 -1  -1 
1 3 3 35 951.0 1999.0 -1  -1 
1 3 3 36 1002.0 1879.0 -1  -1 
1 3 3 37 1042.0 1529.0 -1  -1 
1 3 4 2 6.0 44.0 -1  -1 
1 3 4 3 12.0 66.0 20.0 55.0
1 3 4 4 19.0 91.0 24.0 84.0
1 3 4 5 27.0 127.0 52.0 117.0
1 3 4 6 35.0 152.0 70.0 152.0
1 3 4 7 42.0 193.0 96.0 193.0
1 3 4 8 56.0 234.0 117.0 232.0
1 3 4 9 66.0 279.0 146.0 279.0
1 3 4 10 83.0 323.0 182.0 323.0
1 3 4 11 96.0 367.0 227.0 367.0
1 3 4 12 107.0 413.0 264.0 413.0
1 3 4 13 127.0 467.0 302.0 467.0
1 3 4 14 154.0 522.0 352.0 522.0
1 3 4 15 174.0 581.0 392.0 572.0
1 3 4 16 196.0 635.0 434.0 635.0
1 3 4 17 233.0 696.0 484.0 687.0
1 3 4 18 265.0 757.0 535.0 751.0
1 3 4 19 284.0 808.0 587.0 808.0
1 3 4 20 314.0 882.0 -1  -1 
1 3 4 21 336.0 943.0 -1  -1 
1 3 4 22 372.0 1009.0 -1  -1 
1 3 4 23 414.0 1077.0 -1  -1 
1 3 4 24 447.0 1140.0 -1  -1 
1 3 4 25 487.0 1240.0 -1  -1 
1 3 4 26 526.0 1291.0 -1  -1 
1 3 4 27 568.0 1337.0 -1  -1 
1 3 4 28 609.0 1401.0 -1  -1 
1 3 4 29 644.0 1484.0 -1  -1 
1 3 4 30 678.0 1542.0 -1  -1 
1 3 4 31 718.0 1608.0 -1  -1 
1 3 4 32 756.0 1683.0 -1  -1 
1 3 4 33 792.0 1739.0 -1  -1 
1 3 4 34 829.0 1799.0 -1  -1 
1 3 4 35 897.0 1872.0 -1  -1 
1 3 4 36 925.0 1750.0 -1  -1 
1 4 3 2 7.0 46.0 -1  -1 
1 4 3 3 12.0 71.0 19.0 57.0
1 4 3 4 18.0 89.0 22.0 89.0
1 4 3 5 27.0 128.0 46.0 118.0
1 4 3 6 36.0 162.0 62.0 153.0
1 4 3 7 45.0 200.0 81.0 197.0
1 4 3 8 58.0 235.0 110.0 235.0
1 4 3 9 71.0 279.0 139.0 279.0
1 4 3 10 83.0 329.0 169.0 329.0
1 4 3 11 99.0 374.0 213.0 371.0
1 4 3 12 119.0 417.0 258.0 417.0
1 4 3 13 135.0 474.0 309.0 470.0
1 4 3 14 159.0 528.0 348.0 523.0
1 4 3 15 178.0 582.0 405.0 582.0
1 4 3 16 198.0 646.0 455.0 646.0
1 4 3 17 220.0 703.0 -1  -1 
1 4 3 18 256.0 760.0 -1  -1 
1 4 3 19 280.0 829.0 -1  -1 
1 4 3 20 323.0 893.0 -1  -1 
1 4 3 21 349.0 958.0 -1  -1 
1 4 3 22 394.0 1022.0 -1  -1 
1 4 3 23 425.0 1086.0 -1  -1 
1 4 3 24 459.0 1150.0 -1  -1 
1 4 3 25 500.0 1212.0 -1  -1 
1 4 3 26 539.0 1286.0 -1  -1 
1 4 3 27 574.0 1360.0 -1  -1 
1 4 3 28 622.0 1429.0 -1  -1 
1 4 3 29 643.0 1497.0 -1  -1 
1 4 3 30 680.0 1572.0 -1  -1 
1 4 3 31 732.0 1640.0 -1  -1 
1 4 3 32 818.0 1702.0 -1  -1 
1 4 3 33 840.0 1773.0 -1  -1 
1 4 3 34 853.0 1805.0 -1  -1 
1 4 3 35 903.0 920.0 -1  -1 
1 4 3 36 1178.0 1195.0 -1  -1 
2 1 2 2 7.0 22.0 -1  -1 
2 1 2 3 12.0 74.0 -1  -1 
2 1 2 4 17.0 102.0 17.0 89.0
2 1 2 5 23.0 119.0 50.0 119.0
2 1 2 6 30.0 137.0 68.0 133.0
2 1 2 7 38.0 177.0 88.0 171.0
2 1 2 8 49.0 223.0 111.0 210.0
2 1 2 9 60.0 254.0 148.0 252.0
2 1 2 10 74.0 295.0 183.0 292.0
2 1 2 11 89.0 339.0 220.0 339.0
2 1 2 12 104.0 392.0 255.0 386.0
2 1 2 13 124.0 453.0 299.0 432.0
2 1 2 14 142.0 495.0 342.0 486.0
2 1 2 15 165.0 545.0 393.0 537.0
2 1 2 16 185.0 601.0 450.0 594.0
2 1 2 17 206.0 658.0 -1  -1 
2 1 2 18 226.0 736.0 -1  -1 
2 1 2 19 248.0 775.0 -1  -1 
2 1 2 20 280.0 840.0 -1  -1 
2 1 2 21 329.0 903.0 -1  -1 
2 1 2 22 357.0 968.0 -1  -1 
2 1 2 23 399.0 1034.0 -1  -1 
2 1 2 24 433.0 1090.0 -1  -1 
2 1 2 25 462.0 1148.0 -1  -1 
2 1 2 26 490.0 1217.0 -1  -1 
2 1 2 27 518.0 1277.0 -1  -1 
2 1 2 28 552.0 1334.0 -1  -1 
2 1 2 29 573.0 1407.0 -1  -1 
2 1 2 30 612.0 1467.0 -1  -1 
2 1 2 31 641.0 1538.0 -1  -1 
2 1 2 32 674.0 1605.0 -1  -1 
2 1 2 33 732.0 1653.0 -1  -1 
2 1 2 34 750.0 1698.0 -1  -1 
2 1 2 35 819.0 1769.0 -1  -1 
2 1 2 36 879.0 1713.0 -1  -1 
2 1 2 37 906.0 1560.0 -1  -1 
2 1 3 2 6.0 26.0 -1  -1 
2 1 3 3 11.0 51.0 25.0 44.0
2 1 3 4 17.0 76.0 25.0 67.0
2 1 3 5 24.0 103.0 45.0 98.0
2 1 3 6 32.0 138.0 64.0 133.0
2 1 3 7 41.0 171.0 87.0 168.0
2 1 3 8 52.0 209.0 111.0 206.0
2 1 3 9 63.0 249.0 141.0 244.0
2 1 3 10 76.0 293.0 175.0 288.0
2 1 3 11 84.0 337.0 211.0 331.0
2 1 3 12 101.0 385.0 241.0 379.0
2 1 3 13 114.0 437.0 282.0 425.0
2 1 3 14 136.0 486.0 327.0 510.0
2 1 3 15 160.0 534.0 376.0 531.0
2 1 3 16 173.0 605.0 418.0 583.0
2 1 3 17 208.0 645.0 470.0 645.0
2 1 3 18 203.0 694.0 532.0 694.0
2 1 3 19 232.0 757.0 -1  -1 
2 1 3 20 252.0 829.0 -1  -1 
2 1 3 21 310.0 890.0 -1  -1 
2 1 3 22 331.0 959.0 -1  -1 
2 1 3 23 397.0 1016.0 -1  -1 
2 1 3 24 437.0 1084.0 -1  -1 
2 1 3 25 480.0 1143.0 -1  -1 
2 1 3 26 516.0 1206.0 -1  -1 
2 1 3 27 547.0 1267.0 -1  -1 
2 1 3 28 566.0 1325.0 -1  -1 
2 1 3 29 601.0 1384.0 -1  -1 
2 1 3 30 626.0 1444.0 -1  -1 
2 1 3 31 661.0 1529.0 -1  -1 
2 1 3 32 673.0 1591.0 -1  -1 
2 1 3 33 707.0 1662.0 -1  -1 
2 1 3 34 745.0 1727.0 -1  -1 
2 1 3 35 768.0 1749.0 -1  -1 
2 1 3 36 810.0 1789.0 -1  -1 
2 1 3 37 843.0 1515.0 -1  -1 
2 2 1 2 7.0 33.0 -1  -1 
2 2 1 3 11.0 70.0 -1  -1 
2 2 1 4 17.0 87.0 17.0 87.0
2 2 1 5 25.0 124.0 55.0 120.0
2 2 1 6 33.0 165.0 71.0 160.0
2 2 1 7 40.0 205.0 96.0 193.0
2 2 1 8 51.0 243.0 120.0 243.0
2 2 1 9 60.0 284.0 156.0 284.0
2 2 1 10 74.0 333.0 184.0 333.0
2 2 1 11 85.0 381.0 216.0 381.0
2 2 1 12 97.0 423.0 262.0 423.0
2 2 1 13 116.0 480.0 306.0 480.0
2 2 1 14 128.0 538.0 357.0 536.0
2 2 1 15 152.0 598.0 414.0 591.0
2 2 1 16 175.0 657.0 465.0 647.0
2 2 1 17 192.0 712.0 526.0 712.0
2 2 1 18 234.0 774.0 579.0 774.0
2 2 1 19 254.0 848.0 628.0 836.0
2 2 1 20 278.0 901.0 678.0 901.0
2 2 1 21 305.0 970.0 -1  -1 
2 2 1 22 339.0 1040.0 -1  -1 
2 2 1 23 387.0 1104.0 -1  -1 
2 2 1 24 410.0 1167.0 -1  -1 
2 2 1 25 449.0 1254.0 -1  -1 
2 2 1 26 478.0 1310.0 -1  -1 
2 2 1 27 507.0 1371.0 -1  -1 
2 2 1 28 544.0 1440.0 -1  -1 
2 2 1 29 588.0 1518.0 -1  -1 
2 2 1 30 613.0 1578.0 -1  -1 
2 2 1 31 663.0 1650.0 -1  -1 
2 2 1 32 699.0 1716.0 -1  -1 
2 2 1 33 771.0 1794.0 -1  -1 
2 2 1 34 799.0 1862.0 -1  -1 
2 2 1 35 1004.0 1414.0 -1  -1 
2 2 2 2 7.0 33.0 -1  -1 
2 2 2 3 12.0 65.0 -1  -1 
2 2 2 4 17.0 86.0 20.0 85.0
2 2 2 5 26.0 114.0 51.0 114.0
2 2 2 6 37.0 152.0 69.0 152.0
2 2 2 7 47.0 195.0 101.0 195.0
2 2 2 8 58.0 234.0 127.0 234.0
2 2 2 9 68.0 279.0 164.0 279.0
2 2 2 10 83.0 326.0 200.0 326.0
2 2 2 11 95.0 379.0 235.0 375.0
2 2 2 12 109.0 422.0 279.0 422.0
2 2 2 13 124.0 479.0 331.0 476.0
2 2 2 14 149.0 525.0 378.0 525.0
2 2 2 15 180.0 581.0 445.0 581.0
2 2 2 16 202.0 635.0 -1  -1 
2 2 2 17 226.0 704.0 -1  -1 
2 2 2 18 250.0 765.0 -1  -1 
2 2 2 19 272.0 827.0 -1  -1 
2 2 2 20 301.0 893.0 -1  -1 
2 2 2 21 326.0 951.0 -1  -1 
2 2 2 22 357.0 1023.0 -1  -1 
2 2 2 23 383.0 1086.0 -1  -1 
2 2 2 24 410.0 1142.0 -1  -1 
2 2 2 25 451.0 1211.0 -1  -1 
2 2 2 26 494.0 1277.0 -1  -1 
2 2 2 27 548.0 1343.0 -1  -1 
2 2 2 28 588.0 1417.0 -1  -1 
2 2 2 29 624.0 1488.0 -1  -1 
2 2 2 30 674.0 1548.0 -1  -1 
2 2 2 31 741.0 1612.0 -1  -1 
2 2 2 32 770.0 1669.0 -1  -1 
2 2 2 33 839.0 1710.0 -1  -1 
2 2 2 34 1039.0 1681.0 -1  -1 
2 2 3 2 6.0 41.0 -1  -1 
2 2 3 3 12.0 63.0 22.0 63.0
2 2 3 4 19.0 96.0 32.0 84.0
2 2 3 5 28.0 118.0 47.0 118.0
2 2 3 6 36.0 151.0 60.0 151.0
2 2 3 7 47.0 195.0 80.0 195.0
2 2 3 8 57.0 232.0 108.0 232.0
2 2 3 9 70.0 280.0 149.0 279.0
2 2 3 10 82.0 324.0 182.0 324.0
2 2 3 11 80.0 366.0 219.0 366.0
2 2 3 12 108.0 420.0 261.0 420.0
2 2 3 13 124.0 481.0 312.0 481.0
2 2 3 14 144.0 529.0 347.0 529.0
2 2 3 15 155.0 577.0 418.0 577.0
2 2 3 16 182.0 633.0 463.0 633.0
2 2 3 17 193.0 696.0 534.0 696.0
2 2 3 18 220.0 755.0 597.0 755.0
2 2 3 19 247.0 817.0 -1  -1 
2 2 3 20 280.0 886.0 -1  -1 
2 2 3 21 316.0 947.0 -1  -1 
2 2 3 22 352.0 1013.0 -1  -1 
2 2 3 23 397.0 1070.0 -1  -1 
2 2 3 24 433.0 1139.0 -1  -1 
2 2 3 25 469.0 1220.0 -1  -1 
2 2 3 26 507.0 1274.0 -1  -1 
2 2 3 27 528.0 1347.0 -1  -1 
2 2 3 28 564.0 1407.0 -1  -1 
2 2 3 29 595.0 1470.0 -1  -1 
2 2 3 30 647.0 1551.0 -1  -1 
2 2 3 31 682.0 1612.0 -1  -1 
2 2 3 32 729.0 1665.0 -1  -1 
2 2 3 33 761.0 1694.0 -1  -1 
2 2 3 34 950.0 1748.0 -1  -1 
2 2 3 35 861.0 868.0 -1  -1 
2 2 4 2 5.0 28.0 -1  -1 
2 2 4 3 11.0 51.0 -1  -1 
2 2 4 4 20.0 76.0 20.0 69.0
2 2 4 5 29.0 104.0 61.0 99.0
2 2 4 6 35.0 135.0 77.0 134.0
2 2 4 7 46.0 168.0 100.0 168.0
2 2 4 8 56.0 214.0 121.0 207.0
2 2 4 9 72.0 255.0 169.0 243.0
2 2 4 10 81.0 294.0 214.0 284.0
2 2 4 11 96.0 337.0 -1  -1 
2 2 4 12 113.0 384.0 -1  -1 
2 2 4 13 130.0 429.0 -1  -1 
2 2 4 14 151.0 482.0 -1  -1 
2 2 4 15 172.0 534.0 -1  -1 
2 2 4 16 196.0 588.0 -1  -1 
2 2 4 17 217.0 644.0 -1  -1 
2 2 4 18 246.0 701.0 -1  -1 
2 2 4 19 277.0 761.0 -1  -1 
2 2 4 20 302.0 818.0 -1  -1 
2 2 4 21 334.0 891.0 -1  -1 
2 2 4 22 371.0 956.0 -1  -1 
2 2 4 23 412.0 1006.0 -1  -1 
2 2 4 24 440.0 1074.0 -1  -1 
2 2 4 25 463.0 1131.0 -1  -1 
2 2 4 26 519.0 1193.0 -1  -1 
2 2 4 27 557.0 1246.0 -1  -1 
2 2 4 28 602.0 1299.0 -1  -1 
2 2 4 29 634.0 1361.0 -1  -1 
2 2 4 30 683.0 1432.0 -1  -1 
2 2 4 31 717.0 1481.0 -1  -1 
2 2 4 32 767.0 1558.0 -1  -1 
2 2 4 33 790.0 1626.0 -1  -1 
2 2 4 34 847.0 1679.0 -1  -1 
2 2 4 35 917.0 1704.0 -1  -1 
2 2 4 36 1121.0 1135.0 -1  -1 
2 3 1 2 6.0 31.0 -1  -1 
2 3 1 3 11.0 55.0 -1  -1 
2 3 1 4 19.0 82.0 19.0 77.0
2 3 1 5 27.0 111.0 19.0 107.0
2 3 1 6 34.0 151.0 64.0 144.0
2 3 1 7 44.0 184.0 87.0 181.0
2 3 1 8 57.0 225.0 113.0 222.0
2 3 1 9 69.0 270.0 143.0 266.0
2 3 1 10 78.0 311.0 178.0 308.0
2 3 1 11 91.0 360.0 212.0 359.0
2 3 1 12 106.0 408.0 242.0 406.0
2 3 1 13 120.0 464.0 276.0 460.0
2 3 1 14 138.0 509.0 337.0 499.0
2 3 1 15 147.0 564.0 418.0 564.0
2 3 1 16 162.0 623.0 483.0 623.0
2 3 1 17 179.0 681.0 556.0 670.0
2 3 1 18 219.0 746.0 -1  -1 
2 3 1 19 253.0 804.0 -1  -1 
2 3 1 20 268.0 872.0 -1  -1 
2 3 1 21 293.0 932.0 -1  -1 
2 3 1 22 320.0 995.0 -1  -1 
2 3 1 23 359.0 1058.0 -1  -1 
2 3 1 24 403.0 1122.0 -1  -1 
2 3 1 25 427.0 1182.0 -1  -1 
2 3 1 26 453.0 1251.0 -1  -1 
2 3 1 27 469.0 1312.0 -1  -1 
2 3 1 28 518.0 1366.0 -1  -1 
2 3 1 29 533.0 1435.0 -1  -1 
2 3 1 30 558.0 1499.0 -1  -1 
2 3 1 31 585.0 1554.0 -1  -1 
2 3 1 32 610.0 1634.0 -1  -1 
2 3 1 33 644.0 1677.0 -1  -1 
2 3 1 34 704.0 1714.0 -1  -1 
2 3 1 35 723.0 1775.0 -1  -1 
2 3 1 36 910.0 1165.0 -1  -1 
2 3 1 37 871.0 1065.0 -1  -1 
2 3 2 2 6.0 44.0 -1  -1 
2 3 2 3 12.0 65.0 28.0 65.0
2 3 2 4 19.0 85.0 28.0 85.0
2 3 2 5 28.0 125.0 49.0 118.0
2 3 2 6 36.0 157.0 62.0 157.0
2 3 2 7 46.0 196.0 85.0 193.0
2 3 2 8 57.0 238.0 108.0 238.0
2 3 2 9 68.0 283.0 141.0 282.0
2 3 2 10 81.0 323.0 171.0 323.0
2 3 2 11 92.0 374.0 218.0 374.0
2 3 2 12 108.0 429.0 250.0 424.0
2 3 2 13 121.0 480.0 296.0 480.0
2 3 2 14 148.0 519.0 335.0 519.0
2 3 2 15 168.0 585.0 397.0 583.0
2 3 2 16 186.0 651.0 461.0 651.0
2 3 2 17 205.0 700.0 532.0 700.0
2 3 2 18 228.0 762.0 -1  -1 
2 3 2 19 252.0 823.0 -1  -1 
2 3 2 20 282.0 886.0 -1  -1 
2 3 2 21 317.0 955.0 -1  -1 
2 3 2 22 352.0 1030.0 -1  -1 
2 3 2 23 379.0 1084.0 -1  -1 
2 3 2 24 412.0 1144.0 -1  -1 
2 3 2 25 461.0 1216.0 -1  -1 
2 3 2 26 494.0 1292.0 -1  -1 
2 3 2 27 541.0 1357.0 -1  -1 
2 3 2 28 607.0 1431.0 -1  -1 
2 3 2 29 618.0 1486.0 -1  -1 
2 3 2 30 670.0 1555.0 -1  -1 
2 3 2 31 712.0 1618.0 -1  -1 
2 3 2 32 750.0 1696.0 -1  -1 
2 3 2 33 1001.0 1746.0 -1  -1 
2 3 2 34 1014.0 1799.0 -1  -1 
2 3 4 2 7.0 31.0 -1  -1 
2 3 4 3 14.0 68.0 26.0 56.0
2 3 4 4 15.0 86.0 26.0 86.0
2 3 4 5 30.0 117.0 55.0 117.0
2 3 4 6 38.0 155.0 76.0 153.0
2 3 4 7 48.0 197.0 102.0 197.0
2 3 4 8 63.0 236.0 127.0 235.0
2 3 4 9 75.0 282.0 164.0 282.0
2 3 4 10 98.0 332.0 197.0 326.0
2 3 4 11 113.0 375.0 237.0 375.0
2 3 4 12 126.0 423.0 286.0 423.0
2 3 4 13 146.0 476.0 333.0 476.0
2 3 4 14 164.0 526.0 382.0 526.0
2 3 4 15 192.0 584.0 445.0 584.0
2 3 4 16 231.0 652.0 501.0 644.0
2 3 4 17 254.0 707.0 555.0 693.0
2 3 4 18 284.0 759.0 -1  -1 
2 3 4 19 314.0 838.0 -1  -1 
2 3 4 20 353.0 898.0 -1  -1 
2 3 4 21 388.0 957.0 -1  -1 
2 3 4 22 417.0 1025.0 -1  -1 
2 3 4 23 450.0 1087.0 -1  -1 
2 3 4 24 479.0 1153.0 -1  -1 
2 3 4 25 510.0 1222.0 -1  -1 
2 3 4 26 546.0 1287.0 -1  -1 
2 3 4 27 591.0 1358.0 -1  -1 
2 3 4 28 617.0 1426.0 -1  -1 
2 3 4 29 673.0 1491.0 -1  -1 
2 3 4 30 722.0 1562.0 -1  -1 
2 3 4 31 764.0 1636.0 -1  -1 
2 3 4 32 830.0 1696.0 -1  -1 
2 3 4 33 853.0 1771.0 -1  -1 
2 3 4 34 946.0 1824.0 -1  -1 
2 3 4 35 952.0 1799.0 -1  -1 
2 3 4 36 1030.0 1052.0 -1  -1 
2 4 2 2 6.0 44.0 -1  -1 
2 4 2 3 12.0 56.0 23.0 54.0
2 4 2 4 18.0 94.0 25.0 83.0
2 4 2 5 26.0 124.0 49.0 115.0
2 4 2 6 35.0 156.0 61.0 156.0
2 4 2 7 46.0 193.0 86.0 193.0
2 4 2 8 55.0 236.0 116.0 236.0
2 4 2 9 68.0 276.0 150.0 276.0
2 4 2 10 80.0 324.0 192.0 324.0
2 4 2 11 89.0 371.0 226.0 371.0
2 4 2 12 107.0 414.0 265.0 414.0
2 4 2 13 122.0 471.0 300.0 468.0
2 4 2 14 133.0 523.0 357.0 523.0
2 4 2 15 153.0 579.0 413.0 579.0
2 4 2 16 176.0 639.0 469.0 634.0
2 4 2 17 195.0 698.0 540.0 689.0
2 4 2 18 223.0 761.0 602.0 761.0
2 4 2 19 250.0 825.0 -1  -1 
2 4 2 20 277.0 878.0 -1  -1 
2 4 2 21 304.0 959.0 -1  -1 
2 4 2 22 329.0 1011.0 -1  -1 
2 4 2 23 368.0 1092.0 -1  -1 
2 4 2 24 393.0 1156.0 -1  -1 
2 4 2 25 424.0 1218.0 -1  -1 
2 4 2 26 447.0 1271.0 -1  -1 
2 4 2 27 473.0 1381.0 -1  -1 
2 4 2 28 500.0 1446.0 -1  -1 
2 4 2 29 546.0 1502.0 -1  -1 
2 4 2 30 585.0 1565.0 -1  -1 
2 4 2 31 624.0 1626.0 -1  -1 
2 4 2 32 672.0 1700.0 -1  -1 
2 4 2 33 714.0 1765.0 -1  -1 
2 4 2 34 762.0 1828.0 -1  -1 
2 4 2 35 784.0 1901.0 -1  -1 
2 4 2 36 834.0 1939.0 -1  -1 
2 4 2 37 944.0 1373.0 -1  -1 
3 1 1 2 6.0 38.0 -1  -1 
3 1 1 3 10.0 72.0 -1  -1 
3 1 1 4 17.0 88.0 17.0 87.0
3 1 1 5 23.0 119.0 45.0 119.0
3 1 1 6 32.0 155.0 69.0 155.0
3 1 1 7 40.0 209.0 91.0 200.0
3 1 1 8 47.0 241.0 115.0 241.0
3 1 1 9 60.0 292.0 148.0 286.0
3 1 1 10 69.0 331.0 182.0 331.0
3 1 1 11 78.0 378.0 225.0 378.0
3 1 1 12 92.0 424.0 267.0 424.0
3 1 1 13 109.0 480.0 313.0 480.0
3 1 1 14 132.0 535.0 360.0 530.0
3 1 1 15 152.0 593.0 -1  -1 
3 1 1 16 177.0 649.0 -1  -1 
3 1 1 17 197.0 705.0 -1  -1 
3 1 1 18 216.0 762.0 -1  -1 
3 1 1 19 243.0 837.0 -1  -1 
3 1 1 20 272.0 889.0 -1  -1 
3 1 1 21 305.0 967.0 -1  -1 
3 1 1 22 343.0 1028.0 -1  -1 
3 1 1 23 358.0 1094.0 -1  -1 
3 1 1 24 454.0 1152.0 -1  -1 
3 1 1 25 474.0 1222.0 -1  -1 
3 1 1 26 567.0 1268.0 -1  -1 
3 1 1 27 681.0 1324.0 -1  -1 
3 1 1 28 1033.0 1370.0 -1  -1 
3 1 2 2 5.0 23.0 -1  -1 
3 1 2 3 10.0 47.0 -1  -1 
3 1 2 4 14.0 71.0 14.0 63.0
3 1 2 5 21.0 103.0 47.0 96.0
3 1 2 6 29.0 133.0 68.0 127.0
3 1 2 7 36.0 164.0 90.0 164.0
3 1 2 8 47.0 198.0 115.0 198.0
3 1 2 9 55.0 244.0 151.0 237.0
3 1 2 10 71.0 285.0 180.0 281.0
3 1 2 11 83.0 324.0 225.0 320.0
3 1 2 12 99.0 373.0 257.0 365.0
3 1 2 13 112.0 429.0 303.0 416.0
3 1 2 14 125.0 472.0 344.0 462.0
3 1 2 15 150.0 516.0 -1  -1 
3 1 2 16 171.0 570.0 -1  -1 
3 1 2 17 195.0 611.0 -1  -1 
3 1 2 18 215.0 673.0 -1  -1 
3 1 2 19 255.0 727.0 -1  -1 
3 1 2 20 309.0 787.0 -1  -1 
3 1 2 21 344.0 849.0 -1  -1 
3 1 2 22 380.0 913.0 -1  -1 
3 1 2 23 417.0 988.0 -1  -1 
3 1 2 24 524.0 1026.0 -1  -1 
3 1 2 25 613.0 1088.0 -1  -1 
3 1 2 26 689.0 1126.0 -1  -1 
3 1 2 27 920.0 1131.0 -1  -1 
3 2 1 2 7.0 41.0 -1  -1 
3 2 1 3 12.0 70.0 -1  -1 
3 2 1 4 16.0 87.0 16.0 84.0
3 2 1 5 25.0 124.0 63.0 116.0
3 2 1 6 33.0 157.0 78.0 157.0
3 2 1 7 41.0 208.0 106.0 200.0
3 2 1 8 51.0 243.0 133.0 243.0
3 2 1 9 63.0 288.0 170.0 288.0
3 2 1 10 75.0 325.0 213.0 325.0
3 2 1 11 89.0 373.0 250.0 373.0
3 2 1 12 103.0 429.0 287.0 429.0
3 2 1 13 120.0 476.0 348.0 476.0
3 2 1 14 134.0 525.0 -1  -1 
3 2 1 15 154.0 596.0 -1  -1 
3 2 1 16 171.0 647.0 -1  -1 
3 2 1 17 197.0 698.0 -1  -1 
3 2 1 18 236.0 765.0 -1  -1 
3 2 1 19 251.0 811.0 -1  -1 
3 2 1 20 305.0 869.0 -1  -1 
3 2 1 21 328.0 951.0 -1  -1 
3 2 1 22 352.0 1003.0 -1  -1 
3 2 1 23 698.0 1069.0 -1  -1 
3 2 1 24 839.0 1120.0 -1  -1 
3 2 2 2 6.0 25.0 -1  -1 
3 2 2 3 11.0 50.0 -1  -1 
3 2 2 4 17.0 75.0 17.0 69.0
3 2 2 5 25.0 106.0 45.0 100.0
3 2 2 6 32.0 136.0 59.0 132.0
3 2 2 7 42.0 169.0 89.0 164.0
3 2 2 8 52.0 209.0 117.0 203.0
3 2 2 9 62.0 250.0 150.0 239.0
3 2 2 10 77.0 288.0 181.0 281.0
3 2 2 11 91.0 324.0 216.0 324.0
3 2 2 12 108.0 377.0 261.0 369.0
3 2 2 13 120.0 423.0 -1  -1 
3 2 2 14 148.0 483.0 -1  -1 
3 2 2 15 176.0 520.0 -1  -1 
3 2 2 16 195.0 567.0 -1  -1 
3 2 2 17 216.0 611.0 -1  -1 
3 2 2 18 248.0 685.0 -1  -1 
3 2 2 19 283.0 735.0 -1  -1 
3 2 2 20 307.0 792.0 -1  -1 
3 2 2 21 338.0 615.0 -1  -1 
3 2 2 22 356.0 535.0 -1  -1 
3 2 3 2 6.0 28.0 -1  -1 
3 2 3 3 11.0 45.0 -1  -1 
3 2 3 4 17.0 74.0 17.0 72.0
3 2 3 5 25.0 104.0 46.0 103.0
3 2 3 6 31.0 138.0 62.0 138.0
3 2 3 7 41.0 180.0 85.0 179.0
3 2 3 8 49.0 215.0 111.0 215.0
3 2 3 9 63.0 261.0 140.0 261.0
3 2 3 10 74.0 314.0 165.0 302.0
3 2 3 11 88.0 348.0 191.0 348.0
3 2 3 12 103.0 397.0 226.0 397.0
3 2 3 13 119.0 445.0 -1  -1 
3 2 3 14 138.0 524.0 -1  -1 
3 2 3 15 160.0 568.0 -1  -1 
3 2 3 16 178.0 611.0 -1  -1 
3 2 3 17 198.0 679.0 -1  -1 
3 2 3 18 224.0 718.0 -1  -1 
3 2 3 19 264.0 797.0 -1  -1 
3 2 3 20 321.0 772.0 -1  -1 
3 2 3 21 357.0 885.0 -1  -1 
3 3 4 2 5.0 36.0 -1  -1 
3 3 4 3 11.0 56.0 -1  -1 
3 3 4 4 16.0 86.0 16.0 86.0
3 3 4 5 24.0 117.0 44.0 117.0
3 3 4 6 31.0 154.0 59.0 154.0
3 3 4 7 39.0 191.0 81.0 191.0
3 3 4 8 47.0 232.0 112.0 232.0
3 3 4 9 60.0 285.0 152.0 277.0
3 3 4 10 73.0 326.0 185.0 326.0
3 3 4 11 87.0 372.0 219.0 372.0
3 3 4 12 99.0 418.0 262.0 418.0
3 3 4 13 113.0 468.0 315.0 468.0
3 3 4 14 128.0 526.0 374.0 519.0
3 3 4 15 148.0 577.0 430.0 575.0
3 3 4 16 165.0 631.0 -1  -1 
3 3 4 17 184.0 690.0 -1  -1 
3 3 4 18 207.0 755.0 -1  -1 
3 3 4 19 269.0 805.0 -1  -1 
3 3 4 20 307.0 871.0 -1  -1 
3 3 4 21 342.0 928.0 -1  -1 
3 3 4 22 384.0 998.0 -1  -1 
3 3 4 23 453.0 1023.0 -1  -1 
3 3 4 24 470.0 1100.0 -1  -1 
3 4 1 2 6.0 45.0 -1  -1 
3 4 1 3 13.0 69.0 -1  -1 
3 4 1 4 23.0 88.0 25.0 83.0
3 4 1 5 30.0 129.0 56.0 116.0
3 4 1 6 40.0 154.0 72.0 154.0
3 4 1 7 49.0 193.0 99.0 193.0
3 4 1 8 65.0 233.0 122.0 233.0
3 4 1 9 81.0 278.0 154.0 278.0
3 4 1 10 93.0 327.0 185.0 327.0
3 4 1 11 108.0 373.0 227.0 370.0
3 4 1 12 121.0 431.0 279.0 419.0
3 4 1 13 137.0 482.0 337.0 475.0
3 4 1 14 154.0 525.0 378.0 525.0
3 4 1 15 175.0 589.0 -1  -1 
3 4 1 16 196.0 636.0 -1  -1 
3 4 1 17 215.0 703.0 -1  -1 
3 4 1 18 237.0 770.0 -1  -1 
3 4 1 19 271.0 825.0 -1  -1 
3 4 1 20 329.0 885.0 -1  -1 
3 4 1 21 350.0 945.0 -1  -1 
3 4 1 22 409.0 1024.0 -1  -1 
3 4 1 23 442.0 1078.0 -1  -1 
3 4 1 24 502.0 1152.0 -1  -1 
3 4 1 25 603.0 1203.0 -1  -1 
3 4 1 26 582.0 1272.0 -1  -1 
3 4 1 27 758.0 1341.0 -1  -1 
3 4 1 28 766.0 1406.0 -1  -1 
3 4 1 29 1364.0 1388.0 -1  -1 
3 4 3 2 6.0 39.0 -1  -1 
3 4 3 3 13.0 71.0 17.0 57.0
3 4 3 4 19.0 85.0 22.0 85.0
3 4 3 5 27.0 127.0 46.0 118.0
3 4 3 6 35.0 154.0 69.0 154.0
3 4 3 7 46.0 193.0 92.0 193.0
3 4 3 8 55.0 235.0 123.0 235.0
3 4 3 9 68.0 277.0 155.0 277.0
3 4 3 10 77.0 323.0 193.0 323.0
3 4 3 11 95.0 370.0 228.0 370.0
3 4 3 12 108.0 422.0 267.0 422.0
3 4 3 13 125.0 483.0 315.0 468.0
3 4 3 14 143.0 521.0 373.0 520.0
3 4 3 15 160.0 586.0 422.0 574.0
3 4 3 16 176.0 633.0 -1  -1 
3 4 3 17 203.0 696.0 -1  -1 
3 4 3 18 236.0 754.0 -1  -1 
3 4 3 19 271.0 814.0 -1  -1 
3 4 3 20 308.0 870.0 -1  -1 
3 4 3 21 337.0 944.0 -1  -1 
3 4 3 22 383.0 1003.0 -1  -1 
3 4 3 23 449.0 1065.0 -1  -1 
3 4 3 24 531.0 1141.0 -1  -1 
3 4 3 25 609.0 1165.0 -1  -1 
3 4 3 26 878.0 1227.0 -1  -1 
3 4 4 2 6.0 39.0 -1  -1 
3 4 4 3 2.0 58.0 -1  -1 
3 4 4 4 19.0 88.0 19.0 88.0
3 4 4 5 27.0 117.0 51.0 117.0
3 4 4 6 36.0 157.0 71.0 157.0
3 4 4 7 47.0 195.0 96.0 195.0
3 4 4 8 58.0 237.0 115.0 237.0
3 4 4 9 70.0 278.0 152.0 278.0
3 4 4 10 82.0 323.0 187.0 323.0
3 4 4 11 92.0 371.0 228.0 371.0
3 4 4 12 108.0 423.0 265.0 420.0
3 4 4 13 131.0 471.0 315.0 471.0
3 4 4 14 152.0 530.0 362.0 525.0
3 4 4 15 184.0 582.0 413.0 572.0
3 4 4 16 206.0 636.0 -1  -1 
3 4 4 17 226.0 695.0 -1  -1 
3 4 4 18 259.0 762.0 -1  -1 
3 4 4 19 291.0 815.0 -1  -1 
3 4 4 20 340.0 886.0 -1  -1 
3 4 4 21 405.0 948.0 -1  -1 
3 4 4 22 443.0 1012.0 -1  -1 
3 4 4 23 469.0 1070.0 -1  -1 
3 4 4 24 547.0 1127.0 -1  -1 
3 4 4 25 564.0 1207.0 -1  -1 
3 4 4 26 683.0 1254.0 -1  -1 
3 4 4 27 797.0 1323.0 -1  -1 
3 4 4 28 1110.0 1302.0 -1  -1 
3 4 4 29 849.0 1353.0 -1  -1 
