#Limiti di energia lasciata in Si1 per identificazione in Z e A per PSA Imax-E in Si1
#blocco qua tel Z ESi1minZid ESi2maxZid ESi1minAid ESi1maxZid
0 1 1 2 6.0 48.0 -1  -1 
0 1 1 3 10.0 73.0 -1  -1 
0 1 1 4 15.0 88.0 20.0 84.0
0 1 1 5 20.0 120.0 56.0 120.0
0 1 1 6 26.0 156.0 79.0 154.0
0 1 1 7 35.0 194.0 130.0 194.0
0 1 1 8 47.0 235.0 154.0 235.0
0 1 1 9 56.0 278.0 -1  -1 
0 1 1 10 73.0 324.0 -1  -1 
0 1 1 11 84.0 375.0 -1  -1 
0 1 1 12 100.0 424.0 -1  -1 
0 1 1 13 125.0 467.0 -1  -1 
0 1 1 14 139.0 513.0 -1  -1 
0 1 1 15 167.0 565.0 -1  -1 
0 1 1 16 180.0 578.0 -1  -1 
0 1 1 17 196.0 693.0 -1  -1 
0 1 1 18 226.0 689.0 -1  -1 
0 1 1 19 304.0 634.0 -1  -1 
0 1 1 20 363.0 383.0 -1  -1 
0 1 2 2 7.0 48.0 -1  -1 
0 1 2 3 12.0 71.0 -1  -1 
0 1 2 4 18.0 84.0 19.0 83.0
0 1 2 5 27.0 118.0 55.0 118.0
0 1 2 6 35.0 152.0 73.0 151.0
0 1 2 7 43.0 191.0 100.0 190.0
0 1 2 8 58.0 231.0 122.0 231.0
0 1 2 9 68.0 274.0 156.0 274.0
0 1 2 10 81.0 324.0 201.0 324.0
0 1 2 11 94.0 366.0 254.0 366.0
0 1 2 12 114.0 415.0 299.0 415.0
0 1 2 13 129.0 468.0 358.0 468.0
0 1 2 14 155.0 516.0 -1  -1 
0 1 2 15 179.0 567.0 -1  -1 
0 1 2 16 202.0 618.0 -1  -1 
0 1 2 17 221.0 634.0 -1  -1 
0 1 2 18 238.0 708.0 -1  -1 
0 1 2 19 292.0 796.0 -1  -1 
0 1 2 20 443.0 849.0 -1  -1 
0 1 2 21 334.0 444.0 -1  -1 
0 1 2 22 371.0 593.0 -1  -1 
0 1 2 23 441.0 443.0 -1  -1 
0 1 3 2 6.0 46.0 -1  -1 
0 1 3 3 11.0 65.0 -1  -1 
0 1 3 4 15.0 85.0 15.0 85.0
0 1 3 5 22.0 117.0 57.0 117.0
0 1 3 6 30.0 158.0 78.0 158.0
0 1 3 7 39.0 198.0 101.0 193.0
0 1 3 8 52.0 234.0 123.0 234.0
0 1 3 9 67.0 282.0 177.0 282.0
0 1 3 10 82.0 324.0 217.0 324.0
0 1 3 11 96.0 373.0 255.0 373.0
0 1 3 12 124.0 421.0 301.0 421.0
0 1 3 13 136.0 468.0 339.0 468.0
0 1 3 14 152.0 519.0 385.0 519.0
0 1 3 15 184.0 577.0 -1  -1 
0 1 3 16 206.0 621.0 -1  -1 
0 1 3 17 235.0 620.0 -1  -1 
0 1 3 18 288.0 745.0 -1  -1 
0 1 3 19 324.0 806.0 -1  -1 
0 1 3 20 352.0 839.0 -1  -1 
0 1 3 21 379.0 633.0 -1  -1 
0 1 3 22 483.0 485.0 -1  -1 
0 1 4 2 6.0 48.0 -1  -1 
0 1 4 3 11.0 55.0 -1  -1 
0 1 4 4 16.0 90.0 17.0 89.0
0 1 4 5 21.0 117.0 21.0 117.0
0 1 4 6 29.0 156.0 67.0 156.0
0 1 4 7 37.0 195.0 88.0 195.0
0 1 4 8 48.0 236.0 109.0 236.0
0 1 4 9 57.0 284.0 142.0 284.0
0 1 4 10 65.0 328.0 178.0 328.0
0 1 4 11 89.0 375.0 223.0 375.0
0 1 4 12 107.0 423.0 267.0 423.0
0 1 4 13 122.0 466.0 326.0 466.0
0 1 4 14 151.0 526.0 401.0 526.0
0 1 4 15 178.0 536.0 478.0 536.0
0 1 4 16 208.0 629.0 -1  -1 
0 1 4 17 277.0 689.0 -1  -1 
0 1 4 18 329.0 668.0 -1  -1 
0 1 4 19 396.0 659.0 -1  -1 
0 1 4 20 689.0 691.0 -1  -1 
0 2 2 1 2.0 26.0 -1  -1 
0 2 2 2 6.0 46.0 -1  -1 
0 2 2 3 16.0 68.0 -1  -1 
0 2 2 4 21.0 96.0 -1  -1 
0 2 2 5 31.0 115.0 -1  -1 
0 2 2 6 40.0 153.0 -1  -1 
0 2 2 7 52.0 195.0 -1  -1 
0 2 2 8 66.0 234.0 -1  -1 
0 2 2 9 79.0 273.0 -1  -1 
0 2 2 10 99.0 316.0 -1  -1 
0 2 2 11 101.0 366.0 -1  -1 
0 2 2 12 128.0 414.0 -1  -1 
0 2 2 13 152.0 466.0 -1  -1 
0 2 2 14 171.0 517.0 -1  -1 
0 2 2 15 194.0 566.0 -1  -1 
0 2 2 16 221.0 624.0 -1  -1 
0 2 2 17 265.0 684.0 -1  -1 
0 2 2 18 289.0 737.0 -1  -1 
0 2 2 19 333.0 793.0 -1  -1 
0 2 2 20 375.0 856.0 -1  -1 
0 2 2 21 414.0 922.0 -1  -1 
0 2 2 22 461.0 988.0 -1  -1 
0 2 2 23 536.0 1051.0 -1  -1 
0 2 2 24 544.0 1086.0 -1  -1 
0 2 2 25 765.0 1124.0 -1  -1 
0 2 2 26 761.0 763.0 -1  -1 
0 2 2 36 1183.0 1985.0 -1  -1 
0 2 3 2 6.0 43.0 -1  -1 
0 2 3 3 11.0 63.0 -1  -1 
0 2 3 4 18.0 84.0 18.0 80.0
0 2 3 5 26.0 116.0 57.0 115.0
0 2 3 6 34.0 153.0 82.0 152.0
0 2 3 7 42.0 193.0 117.0 191.0
0 2 3 8 52.0 236.0 148.0 233.0
0 2 3 9 65.0 281.0 179.0 275.0
0 2 3 10 76.0 323.0 217.0 320.0
0 2 3 11 87.0 374.0 265.0 374.0
0 2 3 12 99.0 423.0 307.0 418.0
0 2 3 13 117.0 467.0 368.0 464.0
0 2 3 14 133.0 527.0 410.0 516.0
0 2 3 15 137.0 576.0 -1  -1 
0 2 3 16 165.0 632.0 -1  -1 
0 2 3 17 186.0 684.0 -1  -1 
0 2 3 18 216.0 737.0 -1  -1 
0 2 3 19 258.0 809.0 -1  -1 
0 2 3 20 275.0 848.0 -1  -1 
0 2 3 21 308.0 928.0 -1  -1 
0 2 3 22 334.0 965.0 -1  -1 
0 2 3 23 350.0 1058.0 -1  -1 
0 2 3 24 427.0 1130.0 -1  -1 
0 2 3 25 487.0 1165.0 -1  -1 
0 2 3 26 706.0 1224.0 -1  -1 
0 2 3 27 574.0 676.0 -1  -1 
0 2 3 28 556.0 819.0 -1  -1 
0 2 3 36 1137.0 1901.0 -1  -1 
0 3 4 2 7.0 44.0 -1  -1 
0 3 4 3 12.0 63.0 -1  -1 
0 3 4 4 18.0 88.0 19.0 83.0
0 3 4 5 25.0 117.0 58.0 114.0
0 3 4 6 34.0 153.0 81.0 153.0
0 3 4 7 44.0 188.0 104.0 188.0
0 3 4 8 58.0 233.0 126.0 233.0
0 3 4 9 70.0 280.0 157.0 275.0
0 3 4 10 85.0 321.0 185.0 321.0
0 3 4 11 104.0 366.0 224.0 366.0
0 3 4 12 122.0 415.0 268.0 415.0
0 3 4 13 144.0 466.0 351.0 465.0
0 3 4 14 165.0 505.0 398.0 505.0
0 3 4 15 195.0 560.0 449.0 560.0
0 3 4 16 222.0 619.0 -1  -1 
0 3 4 17 253.0 676.0 -1  -1 
0 3 4 18 311.0 724.0 -1  -1 
0 3 4 19 346.0 788.0 -1  -1 
0 3 4 20 411.0 850.0 -1  -1 
0 3 4 21 449.0 927.0 -1  -1 
0 3 4 22 567.0 980.0 -1  -1 
0 3 4 23 602.0 604.0 -1  -1 
0 3 4 24 831.0 833.0 -1  -1 
0 3 4 26 1052.0 1054.0 -1  -1 
0 4 1 2 7.0 46.0 -1  -1 
0 4 1 3 13.0 55.0 -1  -1 
0 4 1 4 21.0 84.0 23.0 84.0
0 4 1 5 29.0 117.0 45.0 117.0
0 4 1 6 36.0 158.0 67.0 158.0
0 4 1 7 48.0 192.0 91.0 192.0
0 4 1 8 59.0 236.0 117.0 236.0
0 4 1 9 77.0 276.0 148.0 276.0
0 4 1 10 93.0 329.0 181.0 329.0
0 4 1 11 110.0 370.0 236.0 370.0
0 4 1 12 126.0 414.0 286.0 414.0
0 4 1 13 144.0 480.0 347.0 463.0
0 4 1 14 163.0 498.0 -1  -1 
0 4 1 15 196.0 575.0 -1  -1 
0 4 1 16 272.0 574.0 -1  -1 
0 4 1 17 314.0 642.0 -1  -1 
0 4 1 18 337.0 600.0 -1  -1 
0 4 1 19 539.0 541.0 -1  -1 
0 4 1 20 476.0 622.0 -1  -1 
0 4 1 21 504.0 506.0 -1  -1 
0 4 2 2 7.0 35.0 -1  -1 
0 4 2 3 12.0 54.0 -1  -1 
0 4 2 4 19.0 82.0 19.0 82.0
0 4 2 5 27.0 125.0 55.0 118.0
0 4 2 6 35.0 156.0 77.0 154.0
0 4 2 7 45.0 192.0 104.0 192.0
0 4 2 8 58.0 232.0 133.0 232.0
0 4 2 9 74.0 274.0 163.0 274.0
0 4 2 10 91.0 314.0 200.0 314.0
0 4 2 11 112.0 368.0 245.0 368.0
0 4 2 12 135.0 408.0 289.0 408.0
0 4 2 13 158.0 458.0 342.0 456.0
0 4 2 14 182.0 514.0 398.0 514.0
0 4 2 15 218.0 564.0 473.0 563.0
0 4 2 16 250.0 609.0 -1  -1 
0 4 2 17 291.0 664.0 -1  -1 
0 4 2 18 318.0 608.0 -1  -1 
0 4 2 19 394.0 558.0 -1  -1 
0 4 2 20 474.0 842.0 -1  -1 
0 4 2 21 438.0 729.0 -1  -1 
0 4 2 22 489.0 527.0 -1  -1 
0 4 2 23 557.0 559.0 -1  -1 
0 4 2 24 625.0 1028.0 -1  -1 
0 4 3 2 6.0 43.0 -1  -1 
0 4 3 3 12.0 72.0 -1  -1 
0 4 3 4 17.0 93.0 18.0 88.0
0 4 3 5 26.0 121.0 51.0 118.0
0 4 3 6 33.0 154.0 68.0 154.0
0 4 3 7 41.0 198.0 94.0 198.0
0 4 3 8 53.0 243.0 122.0 243.0
0 4 3 9 65.0 289.0 156.0 289.0
0 4 3 10 83.0 327.0 186.0 327.0
0 4 3 11 95.0 374.0 225.0 374.0
0 4 3 12 114.0 422.0 270.0 422.0
0 4 3 13 138.0 478.0 335.0 478.0
0 4 3 14 161.0 526.0 390.0 526.0
0 4 3 15 185.0 582.0 473.0 582.0
0 4 3 16 217.0 621.0 -1  -1 
0 4 3 17 306.0 666.0 -1  -1 
0 4 3 18 396.0 744.0 -1  -1 
0 4 3 19 419.0 733.0 -1  -1 
0 4 3 20 488.0 873.0 -1  -1 
0 4 3 21 559.0 561.0 -1  -1 
0 4 3 22 563.0 565.0 -1  -1 
0 4 3 23 621.0 623.0 -1  -1 
1 1 1 2 6.0 49.0 -1  -1 
1 1 1 3 12.0 70.0 -1  -1 
1 1 1 4 17.0 82.0 17.0 82.0
1 1 1 5 26.0 119.0 51.0 117.0
1 1 1 6 33.0 152.0 71.0 152.0
1 1 1 7 43.0 193.0 94.0 193.0
1 1 1 8 52.0 231.0 115.0 231.0
1 1 1 9 64.0 278.0 148.0 276.0
1 1 1 10 80.0 321.0 185.0 321.0
1 1 1 11 97.0 365.0 225.0 365.0
1 1 1 12 108.0 419.0 263.0 414.0
1 1 1 13 122.0 470.0 307.0 470.0
1 1 1 14 139.0 515.0 351.0 515.0
1 1 1 15 160.0 568.0 403.0 568.0
1 1 1 16 190.0 625.0 451.0 625.0
1 1 1 17 225.0 682.0 507.0 682.0
1 1 1 18 251.0 743.0 569.0 735.0
1 1 1 19 286.0 798.0 -1  -1 
1 1 1 20 316.0 856.0 -1  -1 
1 1 1 21 353.0 927.0 -1  -1 
1 1 1 22 409.0 986.0 -1  -1 
1 1 1 23 457.0 1052.0 -1  -1 
1 1 1 24 511.0 1116.0 -1  -1 
1 1 1 25 546.0 1187.0 -1  -1 
1 1 1 26 575.0 1264.0 -1  -1 
1 1 1 27 610.0 1323.0 -1  -1 
1 1 1 28 634.0 1366.0 -1  -1 
1 1 1 29 674.0 1455.0 -1  -1 
1 1 1 30 701.0 1503.0 -1  -1 
1 1 1 31 730.0 1582.0 -1  -1 
1 1 1 32 779.0 1291.0 -1  -1 
1 1 1 33 806.0 1585.0 -1  -1 
1 1 1 34 853.0 1655.0 -1  -1 
1 1 1 35 1691.0 1693.0 -1  -1 
1 1 1 36 1001.0 1976.0 -1  -1 
1 1 2 2 30.0 42.0 -1  -1 
1 1 2 3 36.0 58.0 -1  -1 
1 1 2 4 46.0 93.0 -1  -1 
1 1 2 5 63.0 118.0 -1  -1 
1 1 2 6 79.0 158.0 -1  -1 
1 1 2 7 100.0 198.0 -1  -1 
1 1 2 8 124.0 238.0 -1  -1 
1 1 2 9 150.0 285.0 -1  -1 
1 1 2 10 178.0 325.0 -1  -1 
1 1 2 11 207.0 382.0 -1  -1 
1 1 2 12 236.0 438.0 -1  -1 
1 1 2 13 267.0 485.0 -1  -1 
1 1 2 14 304.0 547.0 -1  -1 
1 1 2 15 337.0 584.0 -1  -1 
1 1 2 16 377.0 640.0 -1  -1 
1 1 2 17 413.0 703.0 -1  -1 
1 1 2 18 460.0 752.0 -1  -1 
1 1 2 19 503.0 822.0 -1  -1 
1 1 2 20 548.0 884.0 -1  -1 
1 1 2 21 605.0 947.0 -1  -1 
1 1 2 22 646.0 1003.0 -1  -1 
1 1 2 23 694.0 1080.0 -1  -1 
1 1 2 24 753.0 1147.0 -1  -1 
1 1 2 25 796.0 1202.0 -1  -1 
1 1 2 26 849.0 1269.0 -1  -1 
1 1 2 27 900.0 1339.0 -1  -1 
1 1 2 28 971.0 1400.0 -1  -1 
1 1 2 29 1026.0 1459.0 -1  -1 
1 1 2 30 1092.0 1524.0 -1  -1 
1 1 2 31 1178.0 1582.0 -1  -1 
1 1 2 32 1209.0 1636.0 -1  -1 
1 1 2 33 1277.0 1685.0 -1  -1 
1 1 2 34 1676.0 1770.0 -1  -1 
1 1 2 35 1620.0 1825.0 -1  -1 
1 1 2 36 1470.0 1749.0 -1  -1 
1 1 4 2 7.0 41.0 -1  -1 
1 1 4 3 12.0 65.0 26.0 55.0
1 1 4 4 20.0 88.0 21.0 82.0
1 1 4 5 30.0 116.0 47.0 116.0
1 1 4 6 39.0 153.0 70.0 153.0
1 1 4 7 48.0 191.0 99.0 191.0
1 1 4 8 61.0 232.0 127.0 232.0
1 1 4 9 82.0 279.0 162.0 279.0
1 1 4 10 98.0 321.0 199.0 321.0
1 1 4 11 119.0 368.0 239.0 367.0
1 1 4 12 147.0 418.0 280.0 416.0
1 1 4 13 172.0 469.0 328.0 466.0
1 1 4 14 195.0 516.0 377.0 516.0
1 1 4 15 231.0 577.0 434.0 577.0
1 1 4 16 264.0 625.0 482.0 621.0
1 1 4 17 304.0 684.0 -1  -1 
1 1 4 18 347.0 747.0 -1  -1 
1 1 4 19 389.0 800.0 -1  -1 
1 1 4 20 434.0 868.0 -1  -1 
1 1 4 21 467.0 938.0 -1  -1 
1 1 4 22 514.0 996.0 -1  -1 
1 1 4 23 567.0 1055.0 -1  -1 
1 1 4 24 624.0 1130.0 -1  -1 
1 1 4 25 668.0 1185.0 -1  -1 
1 1 4 26 732.0 1260.0 -1  -1 
1 1 4 27 790.0 1336.0 -1  -1 
1 1 4 28 843.0 1392.0 -1  -1 
1 1 4 29 913.0 1460.0 -1  -1 
1 1 4 30 953.0 1529.0 -1  -1 
1 1 4 31 1007.0 1528.0 -1  -1 
1 1 4 32 1211.0 1600.0 -1  -1 
1 1 4 33 1268.0 1616.0 -1  -1 
1 1 4 34 1269.0 1271.0 -1  -1 
1 1 4 36 1258.0 1981.0 -1  -1 
1 3 3 2 7.0 48.0 -1  -1 
1 3 3 3 13.0 75.0 20.0 57.0
1 3 3 4 19.0 94.0 23.0 87.0
1 3 3 5 29.0 123.0 45.0 123.0
1 3 3 6 39.0 159.0 66.0 159.0
1 3 3 7 48.0 207.0 88.0 207.0
1 3 3 8 60.0 244.0 115.0 244.0
1 3 3 9 75.0 295.0 146.0 295.0
1 3 3 10 88.0 343.0 181.0 343.0
1 3 3 11 104.0 395.0 225.0 395.0
1 3 3 12 122.0 445.0 275.0 445.0
1 3 3 13 142.0 500.0 323.0 500.0
1 3 3 14 164.0 559.0 368.0 553.0
1 3 3 15 190.0 618.0 421.0 617.0
1 3 3 16 210.0 679.0 476.0 678.0
1 3 3 17 234.0 738.0 -1  -1 
1 3 3 18 268.0 798.0 -1  -1 
1 3 3 19 294.0 859.0 -1  -1 
1 3 3 20 330.0 922.0 -1  -1 
1 3 3 21 370.0 993.0 -1  -1 
1 3 3 22 410.0 1062.0 -1  -1 
1 3 3 23 449.0 1143.0 -1  -1 
1 3 3 24 490.0 1198.0 -1  -1 
1 3 3 25 530.0 1268.0 -1  -1 
1 3 3 26 566.0 1345.0 -1  -1 
1 3 3 27 603.0 1419.0 -1  -1 
1 3 3 28 642.0 1489.0 -1  -1 
1 3 3 29 683.0 1571.0 -1  -1 
1 3 3 30 720.0 1638.0 -1  -1 
1 3 3 31 765.0 1712.0 -1  -1 
1 3 3 32 808.0 1785.0 -1  -1 
1 3 3 33 851.0 1858.0 -1  -1 
1 3 3 34 903.0 1934.0 -1  -1 
1 3 3 35 945.0 1999.0 -1  -1 
1 3 3 36 984.0 1995.0 -1  -1 
1 3 3 37 1031.0 1866.0 -1  -1 
1 3 4 2 5.0 45.0 -1  -1 
1 3 4 3 12.0 65.0 20.0 54.0
1 3 4 4 18.0 83.0 22.0 83.0
1 3 4 5 27.0 116.0 52.0 116.0
1 3 4 6 34.0 150.0 70.0 150.0
1 3 4 7 42.0 190.0 95.0 190.0
1 3 4 8 55.0 234.0 115.0 234.0
1 3 4 9 65.0 274.0 144.0 274.0
1 3 4 10 81.0 320.0 180.0 320.0
1 3 4 11 94.0 366.0 223.0 366.0
1 3 4 12 107.0 419.0 261.0 419.0
1 3 4 13 123.0 469.0 301.0 469.0
1 3 4 14 151.0 519.0 345.0 519.0
1 3 4 15 172.0 574.0 393.0 574.0
1 3 4 16 195.0 630.0 430.0 630.0
1 3 4 17 225.0 693.0 481.0 689.0
1 3 4 18 257.0 750.0 530.0 750.0
1 3 4 19 280.0 800.0 587.0 800.0
1 3 4 20 312.0 877.0 -1  -1 
1 3 4 21 340.0 930.0 -1  -1 
1 3 4 22 367.0 1001.0 -1  -1 
1 3 4 23 414.0 1061.0 -1  -1 
1 3 4 24 449.0 1125.0 -1  -1 
1 3 4 25 483.0 1201.0 -1  -1 
1 3 4 26 527.0 1260.0 -1  -1 
1 3 4 27 571.0 1328.0 -1  -1 
1 3 4 28 611.0 1406.0 -1  -1 
1 3 4 29 644.0 1473.0 -1  -1 
1 3 4 30 680.0 1545.0 -1  -1 
1 3 4 31 719.0 1602.0 -1  -1 
1 3 4 32 754.0 1673.0 -1  -1 
1 3 4 33 788.0 1733.0 -1  -1 
1 3 4 34 834.0 1797.0 -1  -1 
1 3 4 35 866.0 1842.0 -1  -1 
1 3 4 36 911.0 1961.0 -1  -1 
1 3 4 37 964.0 1547.0 -1  -1 
1 4 1 2 7.0 48.0 -1  -1 
1 4 1 3 12.0 65.0 23.0 56.0
1 4 1 4 20.0 84.0 20.0 84.0
1 4 1 5 28.0 123.0 48.0 115.0
1 4 1 6 37.0 152.0 68.0 152.0
1 4 1 7 50.0 193.0 91.0 193.0
1 4 1 8 60.0 235.0 114.0 235.0
1 4 1 9 75.0 277.0 137.0 277.0
1 4 1 10 90.0 328.0 164.0 324.0
1 4 1 11 108.0 370.0 197.0 370.0
1 4 1 12 125.0 424.0 243.0 424.0
1 4 1 13 146.0 469.0 298.0 469.0
1 4 1 14 171.0 533.0 345.0 524.0
1 4 1 15 213.0 578.0 392.0 578.0
1 4 1 16 242.0 640.0 434.0 640.0
1 4 1 17 280.0 699.0 -1  -1 
1 4 1 18 306.0 757.0 -1  -1 
1 4 1 19 341.0 814.0 -1  -1 
1 4 1 20 379.0 876.0 -1  -1 
1 4 1 21 411.0 943.0 -1  -1 
1 4 1 22 440.0 1012.0 -1  -1 
1 4 1 23 469.0 1066.0 -1  -1 
1 4 1 24 504.0 1141.0 -1  -1 
1 4 1 25 558.0 1207.0 -1  -1 
1 4 1 26 604.0 1272.0 -1  -1 
1 4 1 27 663.0 1350.0 -1  -1 
1 4 1 28 705.0 1407.0 -1  -1 
1 4 1 29 752.0 1475.0 -1  -1 
1 4 1 30 812.0 1546.0 -1  -1 
1 4 1 31 856.0 1614.0 -1  -1 
1 4 1 32 895.0 1651.0 -1  -1 
1 4 1 33 927.0 1738.0 -1  -1 
1 4 1 36 1235.0 1974.0 -1  -1 
1 4 3 2 6.0 47.0 -1  -1 
1 4 3 3 12.0 71.0 19.0 55.0
1 4 3 4 18.0 86.0 22.0 86.0
1 4 3 5 27.0 116.0 43.0 116.0
1 4 3 6 36.0 156.0 61.0 154.0
1 4 3 7 45.0 197.0 82.0 192.0
1 4 3 8 56.0 235.0 110.0 235.0
1 4 3 9 70.0 282.0 140.0 279.0
1 4 3 10 83.0 327.0 173.0 327.0
1 4 3 11 98.0 374.0 212.0 372.0
1 4 3 12 115.0 426.0 261.0 420.0
1 4 3 13 133.0 480.0 307.0 471.0
1 4 3 14 154.0 527.0 346.0 523.0
1 4 3 15 180.0 580.0 401.0 580.0
1 4 3 16 198.0 639.0 456.0 636.0
1 4 3 17 222.0 691.0 -1  -1 
1 4 3 18 254.0 759.0 -1  -1 
1 4 3 19 279.0 815.0 -1  -1 
1 4 3 20 311.0 879.0 -1  -1 
1 4 3 21 349.0 947.0 -1  -1 
1 4 3 22 387.0 1011.0 -1  -1 
1 4 3 23 426.0 1070.0 -1  -1 
1 4 3 24 471.0 1136.0 -1  -1 
1 4 3 25 506.0 1208.0 -1  -1 
1 4 3 26 539.0 1281.0 -1  -1 
1 4 3 27 578.0 1346.0 -1  -1 
1 4 3 28 613.0 1421.0 -1  -1 
1 4 3 29 645.0 1488.0 -1  -1 
1 4 3 30 691.0 1546.0 -1  -1 
1 4 3 31 715.0 1626.0 -1  -1 
1 4 3 32 778.0 1685.0 -1  -1 
1 4 3 33 819.0 1765.0 -1  -1 
1 4 3 34 864.0 1849.0 -1  -1 
1 4 3 35 916.0 1355.0 -1  -1 
1 4 3 36 931.0 1955.0 -1  -1 
1 4 3 37 1006.0 1821.0 -1  -1 
2 2 1 2 7.0 48.0 -1  -1 
2 2 1 3 11.0 71.0 -1  -1 
2 2 1 4 16.0 86.0 16.0 86.0
2 2 1 5 24.0 120.0 55.0 120.0
2 2 1 6 33.0 153.0 71.0 153.0
2 2 1 7 41.0 196.0 95.0 196.0
2 2 1 8 52.0 239.0 117.0 239.0
2 2 1 9 60.0 286.0 152.0 286.0
2 2 1 10 73.0 327.0 181.0 327.0
2 2 1 11 86.0 375.0 216.0 375.0
2 2 1 12 96.0 430.0 263.0 430.0
2 2 1 13 114.0 480.0 308.0 480.0
2 2 1 14 128.0 539.0 354.0 539.0
2 2 1 15 154.0 586.0 411.0 586.0
2 2 1 16 175.0 647.0 467.0 647.0
2 2 1 17 189.0 707.0 522.0 707.0
2 2 1 18 230.0 764.0 578.0 764.0
2 2 1 19 251.0 828.0 629.0 828.0
2 2 1 20 282.0 890.0 685.0 890.0
2 2 1 21 314.0 961.0 -1  -1 
2 2 1 22 341.0 1030.0 -1  -1 
2 2 1 23 378.0 1090.0 -1  -1 
2 2 1 24 413.0 1152.0 -1  -1 
2 2 1 25 451.0 1229.0 -1  -1 
2 2 1 26 469.0 1295.0 -1  -1 
2 2 1 27 506.0 1371.0 -1  -1 
2 2 1 28 547.0 1426.0 -1  -1 
2 2 1 29 578.0 1504.0 -1  -1 
2 2 1 30 616.0 1575.0 -1  -1 
2 2 1 31 657.0 1638.0 -1  -1 
2 2 1 32 705.0 1706.0 -1  -1 
2 2 1 33 740.0 1778.0 -1  -1 
2 2 1 34 803.0 1810.0 -1  -1 
2 2 1 35 855.0 1735.0 -1  -1 
2 2 1 36 874.0 1808.0 -1  -1 
2 2 1 37 975.0 1962.0 -1  -1 
2 2 2 2 7.0 46.0 -1  -1 
2 2 2 3 12.0 64.0 -1  -1 
2 2 2 4 17.0 85.0 20.0 85.0
2 2 2 5 26.0 118.0 52.0 118.0
2 2 2 6 36.0 152.0 70.0 152.0
2 2 2 7 47.0 201.0 100.0 193.0
2 2 2 8 57.0 235.0 128.0 235.0
2 2 2 9 67.0 281.0 160.0 280.0
2 2 2 10 81.0 323.0 199.0 323.0
2 2 2 11 94.0 374.0 232.0 370.0
2 2 2 12 108.0 422.0 270.0 418.0
2 2 2 13 124.0 471.0 331.0 471.0
2 2 2 14 148.0 520.0 380.0 520.0
2 2 2 15 177.0 587.0 443.0 574.0
2 2 2 16 201.0 634.0 -1  -1 
2 2 2 17 225.0 703.0 -1  -1 
2 2 2 18 247.0 743.0 -1  -1 
2 2 2 19 274.0 811.0 -1  -1 
2 2 2 20 300.0 864.0 -1  -1 
2 2 2 21 325.0 937.0 -1  -1 
2 2 2 22 350.0 996.0 -1  -1 
2 2 2 23 379.0 1077.0 -1  -1 
2 2 2 24 426.0 1133.0 -1  -1 
2 2 2 25 450.0 1195.0 -1  -1 
2 2 2 26 500.0 1268.0 -1  -1 
2 2 2 27 538.0 1332.0 -1  -1 
2 2 2 28 604.0 1430.0 -1  -1 
2 2 2 29 637.0 1476.0 -1  -1 
2 2 2 30 679.0 1532.0 -1  -1 
2 2 2 31 728.0 1605.0 -1  -1 
2 2 2 32 759.0 1659.0 -1  -1 
2 2 2 33 807.0 1638.0 -1  -1 
2 2 2 34 865.0 1081.0 -1  -1 
2 2 2 35 909.0 1008.0 -1  -1 
2 2 2 36 957.0 1994.0 -1  -1 
2 2 3 2 5.0 52.0 -1  -1 
2 2 3 3 12.0 57.0 23.0 57.0
2 2 3 4 19.0 91.0 19.0 82.0
2 2 3 5 29.0 117.0 47.0 117.0
2 2 3 6 36.0 152.0 61.0 152.0
2 2 3 7 46.0 194.0 80.0 194.0
2 2 3 8 57.0 233.0 104.0 233.0
2 2 3 9 69.0 278.0 142.0 276.0
2 2 3 10 81.0 325.0 181.0 325.0
2 2 3 11 90.0 372.0 221.0 372.0
2 2 3 12 108.0 421.0 263.0 421.0
2 2 3 13 123.0 472.0 308.0 465.0
2 2 3 14 141.0 522.0 352.0 522.0
2 2 3 15 154.0 580.0 412.0 580.0
2 2 3 16 178.0 633.0 462.0 633.0
2 2 3 17 191.0 697.0 531.0 697.0
2 2 3 18 216.0 744.0 601.0 744.0
2 2 3 19 249.0 817.0 -1  -1 
2 2 3 20 274.0 865.0 -1  -1 
2 2 3 21 316.0 935.0 -1  -1 
2 2 3 22 353.0 995.0 -1  -1 
2 2 3 23 394.0 1056.0 -1  -1 
2 2 3 24 425.0 1127.0 -1  -1 
2 2 3 25 470.0 1199.0 -1  -1 
2 2 3 26 501.0 1255.0 -1  -1 
2 2 3 27 531.0 1325.0 -1  -1 
2 2 3 28 551.0 1404.0 -1  -1 
2 2 3 29 597.0 1458.0 -1  -1 
2 2 3 30 634.0 1528.0 -1  -1 
2 2 3 31 672.0 1597.0 -1  -1 
2 2 3 32 713.0 1676.0 -1  -1 
2 2 3 33 745.0 1675.0 -1  -1 
2 2 3 34 786.0 1770.0 -1  -1 
2 2 3 35 843.0 1065.0 -1  -1 
2 2 3 36 911.0 1894.0 -1  -1 
2 3 2 2 6.0 45.0 -1  -1 
2 3 2 3 11.0 67.0 28.0 57.0
2 3 2 4 19.0 83.0 19.0 83.0
2 3 2 5 28.0 119.0 48.0 118.0
2 3 2 6 35.0 156.0 63.0 156.0
2 3 2 7 45.0 193.0 83.0 193.0
2 3 2 8 57.0 232.0 107.0 232.0
2 3 2 9 69.0 281.0 138.0 281.0
2 3 2 10 79.0 325.0 171.0 325.0
2 3 2 11 92.0 381.0 211.0 370.0
2 3 2 12 107.0 419.0 251.0 419.0
2 3 2 13 121.0 476.0 294.0 472.0
2 3 2 14 147.0 524.0 335.0 524.0
2 3 2 15 168.0 581.0 399.0 581.0
2 3 2 16 187.0 637.0 459.0 637.0
2 3 2 17 206.0 691.0 529.0 690.0
2 3 2 18 224.0 757.0 -1  -1 
2 3 2 19 250.0 818.0 -1  -1 
2 3 2 20 280.0 887.0 -1  -1 
2 3 2 21 319.0 944.0 -1  -1 
2 3 2 22 356.0 1010.0 -1  -1 
2 3 2 23 385.0 1071.0 -1  -1 
2 3 2 24 413.0 1147.0 -1  -1 
2 3 2 25 458.0 1214.0 -1  -1 
2 3 2 26 492.0 1270.0 -1  -1 
2 3 2 27 539.0 1338.0 -1  -1 
2 3 2 28 590.0 1411.0 -1  -1 
2 3 2 29 617.0 1499.0 -1  -1 
2 3 2 30 663.0 1541.0 -1  -1 
2 3 2 31 703.0 1596.0 -1  -1 
2 3 2 32 743.0 1678.0 -1  -1 
2 3 2 33 780.0 1750.0 -1  -1 
2 3 2 34 816.0 1202.0 -1  -1 
2 3 2 35 867.0 1015.0 -1  -1 
2 3 2 36 889.0 1967.0 -1  -1 
2 4 2 2 6.0 47.0 -1  -1 
2 4 2 3 11.0 57.0 23.0 56.0
2 4 2 4 19.0 89.0 19.0 83.0
2 4 2 5 26.0 130.0 48.0 114.0
2 4 2 6 35.0 152.0 60.0 152.0
2 4 2 7 46.0 192.0 87.0 192.0
2 4 2 8 55.0 235.0 114.0 234.0
2 4 2 9 67.0 279.0 149.0 279.0
2 4 2 10 78.0 327.0 189.0 325.0
2 4 2 11 88.0 373.0 223.0 373.0
2 4 2 12 107.0 420.0 260.0 420.0
2 4 2 13 121.0 485.0 303.0 469.0
2 4 2 14 133.0 525.0 353.0 521.0
2 4 2 15 152.0 575.0 414.0 575.0
2 4 2 16 174.0 640.0 467.0 633.0
2 4 2 17 195.0 695.0 533.0 694.0
2 4 2 18 221.0 751.0 598.0 751.0
2 4 2 19 245.0 812.0 -1  -1 
2 4 2 20 276.0 873.0 -1  -1 
2 4 2 21 300.0 940.0 -1  -1 
2 4 2 22 331.0 1009.0 -1  -1 
2 4 2 23 361.0 1067.0 -1  -1 
2 4 2 24 394.0 1134.0 -1  -1 
2 4 2 25 426.0 1203.0 -1  -1 
2 4 2 26 451.0 1267.0 -1  -1 
2 4 2 27 473.0 1341.0 -1  -1 
2 4 2 28 498.0 1409.0 -1  -1 
2 4 2 29 539.0 1491.0 -1  -1 
2 4 2 30 581.0 1560.0 -1  -1 
2 4 2 31 622.0 1615.0 -1  -1 
2 4 2 32 658.0 1684.0 -1  -1 
2 4 2 33 700.0 1747.0 -1  -1 
2 4 2 34 743.0 1826.0 -1  -1 
2 4 2 35 781.0 1878.0 -1  -1 
2 4 2 36 824.0 1987.0 -1  -1 
2 4 2 37 877.0 1876.0 -1  -1 
3 1 1 2 6.0 52.0 -1  -1 
3 1 1 3 11.0 71.0 -1  -1 
3 1 1 4 16.0 88.0 16.0 85.0
3 1 1 5 22.0 134.0 44.0 120.0
3 1 1 6 32.0 153.0 67.0 153.0
3 1 1 7 40.0 197.0 92.0 197.0
3 1 1 8 47.0 245.0 114.0 239.0
3 1 1 9 58.0 282.0 148.0 282.0
3 1 1 10 68.0 328.0 179.0 328.0
3 1 1 11 78.0 372.0 222.0 372.0
3 1 1 12 89.0 424.0 264.0 424.0
3 1 1 13 109.0 473.0 312.0 473.0
3 1 1 14 130.0 526.0 361.0 526.0
3 1 1 15 148.0 578.0 -1  -1 
3 1 1 16 176.0 640.0 -1  -1 
3 1 1 17 197.0 691.0 -1  -1 
3 1 1 18 218.0 756.0 -1  -1 
3 1 1 19 251.0 821.0 -1  -1 
3 1 1 20 284.0 885.0 -1  -1 
3 1 1 21 306.0 949.0 -1  -1 
3 1 1 22 342.0 1006.0 -1  -1 
3 1 1 23 370.0 1074.0 -1  -1 
3 1 1 24 410.0 1110.0 -1  -1 
3 1 1 25 459.0 1188.0 -1  -1 
3 1 1 26 506.0 1185.0 -1  -1 
3 1 1 27 544.0 1291.0 -1  -1 
3 1 1 28 591.0 735.0 -1  -1 
3 1 1 29 685.0 800.0 -1  -1 
3 1 1 36 1011.0 1588.0 -1  -1 
3 2 1 2 7.0 44.0 -1  -1 
3 2 1 3 12.0 64.0 -1  -1 
3 2 1 4 16.0 98.0 16.0 84.0
3 2 1 5 25.0 122.0 63.0 121.0
3 2 1 6 33.0 157.0 78.0 157.0
3 2 1 7 40.0 196.0 106.0 196.0
3 2 1 8 50.0 234.0 134.0 234.0
3 2 1 9 63.0 282.0 171.0 282.0
3 2 1 10 75.0 325.0 213.0 325.0
3 2 1 11 89.0 372.0 251.0 372.0
3 2 1 12 106.0 418.0 287.0 418.0
3 2 1 13 119.0 470.0 355.0 470.0
3 2 1 14 137.0 523.0 -1  -1 
3 2 1 15 155.0 585.0 -1  -1 
3 2 1 16 180.0 633.0 -1  -1 
3 2 1 17 213.0 637.0 -1  -1 
3 2 1 18 241.0 698.0 -1  -1 
3 2 1 19 266.0 796.0 -1  -1 
3 2 1 20 318.0 797.0 -1  -1 
3 2 1 21 359.0 634.0 -1  -1 
3 2 1 22 365.0 967.0 -1  -1 
3 2 1 24 453.0 691.0 -1  -1 
3 2 3 2 7.0 27.0 -1  -1 
3 2 3 3 15.0 52.0 -1  -1 
3 2 3 4 18.0 77.0 18.0 72.0
3 2 3 5 25.0 111.0 51.0 105.0
3 2 3 6 35.0 146.0 69.0 145.0
3 2 3 7 41.0 183.0 93.0 178.0
3 2 3 8 50.0 222.0 110.0 215.0
3 2 3 9 64.0 255.0 142.0 255.0
3 2 3 10 78.0 307.0 169.0 298.0
3 2 3 11 90.0 340.0 203.0 340.0
3 2 3 12 115.0 402.0 245.0 348.0
3 2 3 13 130.0 410.0 -1  -1 
3 2 3 14 145.0 456.0 -1  -1 
3 2 3 15 176.0 390.0 -1  -1 
3 2 3 16 252.0 457.0 -1  -1 
3 2 3 17 225.0 481.0 -1  -1 
3 2 3 18 246.0 648.0 -1  -1 
3 3 4 2 5.0 39.0 -1  -1 
3 3 4 3 11.0 59.0 -1  -1 
3 3 4 4 16.0 83.0 16.0 83.0
3 3 4 5 23.0 114.0 44.0 114.0
3 3 4 6 31.0 151.0 57.0 151.0
3 3 4 7 39.0 193.0 82.0 193.0
3 3 4 8 47.0 236.0 109.0 229.0
3 3 4 9 60.0 278.0 153.0 278.0
3 3 4 10 75.0 328.0 183.0 322.0
3 3 4 11 86.0 368.0 222.0 368.0
3 3 4 12 98.0 410.0 258.0 410.0
3 3 4 13 113.0 463.0 322.0 463.0
3 3 4 14 130.0 513.0 374.0 513.0
3 3 4 15 149.0 568.0 437.0 568.0
3 3 4 16 171.0 619.0 -1  -1 
3 3 4 17 191.0 660.0 -1  -1 
3 3 4 18 228.0 712.0 -1  -1 
3 3 4 19 286.0 787.0 -1  -1 
3 3 4 20 314.0 818.0 -1  -1 
3 3 4 21 350.0 881.0 -1  -1 
3 3 4 22 394.0 787.0 -1  -1 
3 3 4 23 436.0 716.0 -1  -1 
3 3 4 24 468.0 470.0 -1  -1 
3 4 1 2 6.0 42.0 -1  -1 
3 4 1 3 13.0 70.0 -1  -1 
3 4 1 4 22.0 83.0 24.0 83.0
3 4 1 5 30.0 125.0 54.0 116.0
3 4 1 6 40.0 152.0 72.0 152.0
3 4 1 7 52.0 194.0 96.0 193.0
3 4 1 8 65.0 235.0 123.0 235.0
3 4 1 9 79.0 280.0 156.0 280.0
3 4 1 10 95.0 328.0 185.0 328.0
3 4 1 11 109.0 370.0 227.0 370.0
3 4 1 12 121.0 425.0 278.0 420.0
3 4 1 13 138.0 470.0 329.0 468.0
3 4 1 14 155.0 522.0 380.0 522.0
3 4 1 15 175.0 570.0 -1  -1 
3 4 1 16 195.0 631.0 -1  -1 
3 4 1 17 214.0 691.0 -1  -1 
3 4 1 18 241.0 752.0 -1  -1 
3 4 1 19 276.0 805.0 -1  -1 
3 4 1 20 328.0 866.0 -1  -1 
3 4 1 21 362.0 930.0 -1  -1 
3 4 1 22 421.0 1003.0 -1  -1 
3 4 1 23 469.0 1069.0 -1  -1 
3 4 1 24 527.0 1124.0 -1  -1 
3 4 1 25 539.0 1183.0 -1  -1 
3 4 1 26 587.0 1253.0 -1  -1 
3 4 1 27 700.0 1246.0 -1  -1 
3 4 1 28 676.0 1224.0 -1  -1 
3 4 1 29 712.0 899.0 -1  -1 
3 4 1 30 738.0 740.0 -1  -1 
3 4 1 36 999.0 1575.0 -1  -1 
3 4 3 2 6.0 47.0 -1  -1 
3 4 3 3 12.0 71.0 17.0 57.0
3 4 3 4 18.0 84.0 22.0 83.0
3 4 3 5 27.0 123.0 45.0 117.0
3 4 3 6 35.0 151.0 66.0 151.0
3 4 3 7 47.0 189.0 91.0 189.0
3 4 3 8 55.0 231.0 124.0 231.0
3 4 3 9 67.0 280.0 156.0 280.0
3 4 3 10 76.0 326.0 193.0 326.0
3 4 3 11 94.0 370.0 229.0 370.0
3 4 3 12 108.0 418.0 267.0 418.0
3 4 3 13 124.0 466.0 321.0 466.0
3 4 3 14 141.0 515.0 371.0 515.0
3 4 3 15 157.0 568.0 426.0 568.0
3 4 3 16 174.0 631.0 -1  -1 
3 4 3 17 205.0 684.0 -1  -1 
3 4 3 18 248.0 742.0 -1  -1 
3 4 3 19 281.0 783.0 -1  -1 
3 4 3 20 319.0 815.0 -1  -1 
3 4 3 21 360.0 908.0 -1  -1 
3 4 3 22 424.0 969.0 -1  -1 
3 4 3 23 445.0 994.0 -1  -1 
3 4 3 24 490.0 1081.0 -1  -1 
3 4 3 25 569.0 1093.0 -1  -1 
3 4 3 27 662.0 664.0 -1  -1 
