#Limiti di energia lasciata in Si1 per identificazione in Z e A per PSA Imax-E in Si1
#blocco qua tel Z ESi1minZid ESi1maxZid ESi1minAid ESi1maxAid
0 1 1 2 7.0 31.0 -1  -1 
0 1 1 3 11.0 55.0 -1  -1 
0 1 1 4 18.0 83.0 18.0 82.0
0 1 1 5 23.0 111.0 55.0 111.0
0 1 1 6 31.0 146.0 71.0 146.0
0 1 1 7 40.0 183.0 92.0 183.0
0 1 1 8 49.0 223.0 114.0 223.0
0 1 1 9 59.0 267.0 159.0 267.0
0 1 1 10 69.0 311.0 196.0 311.0
0 1 1 11 82.0 352.0 237.0 352.0
0 1 1 12 97.0 399.0 275.0 399.0
0 1 1 13 116.0 449.0 311.0 449.0
0 1 1 14 129.0 500.0 344.0 500.0
0 1 1 15 142.0 548.0 386.0 548.0
0 1 1 16 177.0 608.0 -1  -1 
0 1 1 17 204.0 659.0 -1  -1 
0 1 1 18 230.0 717.0 -1  -1 
0 1 1 19 250.0 755.0 -1  -1 
0 1 1 20 291.0 839.0 -1  -1 
0 1 1 21 333.0 566.0 -1  -1 
0 1 1 22 413.0 430.0 -1  -1 
0 1 1 23 387.0 389.0 -1  -1 
0 1 3 2 6.0 49.0 -1  -1 
0 1 3 3 11.0 55.0 27.0 55.0
0 1 3 4 17.0 82.0 17.0 82.0
0 1 3 5 22.0 118.0 51.0 118.0
0 1 3 6 29.0 156.0 71.0 156.0
0 1 3 7 37.0 189.0 95.0 189.0
0 1 3 8 46.0 227.0 127.0 227.0
0 1 3 9 57.0 274.0 169.0 274.0
0 1 3 10 67.0 318.0 209.0 318.0
0 1 3 11 79.0 366.0 244.0 366.0
0 1 3 12 87.0 415.0 294.0 415.0
0 1 3 13 106.0 462.0 335.0 462.0
0 1 3 14 119.0 514.0 385.0 506.0
0 1 3 15 130.0 571.0 433.0 571.0
0 1 3 16 152.0 626.0 498.0 626.0
0 1 3 17 179.0 690.0 577.0 690.0
0 1 3 18 199.0 735.0 -1  -1 
0 1 3 19 229.0 784.0 -1  -1 
0 1 3 20 268.0 843.0 -1  -1 
0 1 3 21 307.0 845.0 -1  -1 
0 1 3 22 338.0 621.0 -1  -1 
0 1 4 2 6.0 35.0 -1  -1 
0 1 4 3 10.0 54.0 28.0 53.0
0 1 4 4 16.0 82.0 17.0 81.0
0 1 4 5 21.0 115.0 45.0 112.0
0 1 4 6 26.0 151.0 67.0 151.0
0 1 4 7 35.0 187.0 90.0 187.0
0 1 4 8 42.0 224.0 114.0 224.0
0 1 4 9 52.0 271.0 150.0 271.0
0 1 4 10 60.0 313.0 187.0 313.0
0 1 4 11 69.0 360.0 221.0 360.0
0 1 4 12 75.0 411.0 264.0 411.0
0 1 4 13 83.0 455.0 318.0 455.0
0 1 4 14 97.0 509.0 362.0 509.0
0 1 4 15 106.0 553.0 419.0 553.0
0 1 4 16 118.0 612.0 520.0 612.0
0 1 4 17 140.0 676.0 -1  -1 
0 1 4 18 168.0 717.0 -1  -1 
0 1 4 19 194.0 780.0 -1  -1 
0 1 4 20 246.0 829.0 -1  -1 
0 1 4 21 271.0 870.0 -1  -1 
0 1 4 22 283.0 635.0 -1  -1 
0 1 4 23 352.0 432.0 -1  -1 
0 2 1 2 7.0 36.0 -1  -1 
0 2 1 3 13.0 57.0 -1  -1 
0 2 1 4 23.0 90.0 23.0 86.0
0 2 1 5 32.0 121.0 57.0 119.0
0 2 1 6 40.0 156.0 75.0 156.0
0 2 1 7 52.0 195.0 106.0 195.0
0 2 1 8 63.0 237.0 134.0 237.0
0 2 1 9 72.0 285.0 171.0 285.0
0 2 1 10 84.0 329.0 203.0 329.0
0 2 1 11 100.0 372.0 262.0 372.0
0 2 1 12 114.0 421.0 314.0 421.0
0 2 1 13 130.0 471.0 398.0 468.0
0 2 1 14 152.0 525.0 468.0 525.0
0 2 1 15 169.0 581.0 -1  -1 
0 2 1 16 186.0 625.0 -1  -1 
0 2 1 17 202.0 672.0 -1  -1 
0 2 1 18 242.0 743.0 -1  -1 
0 2 1 19 311.0 785.0 -1  -1 
0 2 1 20 383.0 859.0 -1  -1 
0 2 1 21 396.0 498.0 -1  -1 
0 2 2 2 5.0 38.0 -1  -1 
0 2 2 3 12.0 60.0 24.0 54.0
0 2 2 4 17.0 87.0 17.0 84.0
0 2 2 5 25.0 118.0 42.0 118.0
0 2 2 6 33.0 156.0 70.0 156.0
0 2 2 7 44.0 195.0 95.0 195.0
0 2 2 8 55.0 233.0 123.0 233.0
0 2 2 9 68.0 277.0 173.0 277.0
0 2 2 10 79.0 320.0 209.0 317.0
0 2 2 11 90.0 367.0 247.0 367.0
0 2 2 12 103.0 420.0 287.0 417.0
0 2 2 13 125.0 465.0 345.0 465.0
0 2 2 14 145.0 515.0 414.0 515.0
0 2 2 15 166.0 571.0 462.0 571.0
0 2 2 16 209.0 627.0 517.0 623.0
0 2 2 17 222.0 696.0 -1  -1 
0 2 2 18 255.0 741.0 -1  -1 
0 2 2 19 278.0 803.0 -1  -1 
0 2 2 20 315.0 846.0 -1  -1 
0 2 2 21 354.0 791.0 -1  -1 
0 2 2 22 439.0 441.0 -1  -1 
0 2 3 2 5.0 30.0 -1  -1 
0 2 3 3 9.0 53.0 21.0 53.0
0 2 3 4 15.0 80.0 15.0 80.0
0 2 3 5 21.0 112.0 45.0 112.0
0 2 3 6 29.0 150.0 62.0 150.0
0 2 3 7 35.0 185.0 83.0 185.0
0 2 3 8 42.0 225.0 111.0 225.0
0 2 3 9 53.0 273.0 145.0 271.0
0 2 3 10 64.0 318.0 178.0 318.0
0 2 3 11 77.0 364.0 211.0 364.0
0 2 3 12 90.0 406.0 266.0 406.0
0 2 3 13 98.0 455.0 302.0 455.0
0 2 3 14 110.0 507.0 351.0 507.0
0 2 3 15 128.0 560.0 414.0 560.0
0 2 3 16 145.0 621.0 498.0 621.0
0 2 3 17 174.0 673.0 566.0 673.0
0 2 3 18 184.0 722.0 -1  -1 
0 2 3 19 202.0 787.0 -1  -1 
0 2 3 20 248.0 792.0 -1  -1 
0 2 3 21 283.0 863.0 -1  -1 
0 2 3 22 384.0 525.0 -1  -1 
0 2 3 23 369.0 371.0 -1  -1 
0 2 3 24 420.0 422.0 -1  -1 
0 2 4 2 5.0 31.0 -1  -1 
0 2 4 3 10.0 55.0 25.0 54.0
0 2 4 4 15.0 81.0 15.0 81.0
0 2 4 5 23.0 116.0 61.0 116.0
0 2 4 6 30.0 149.0 81.0 149.0
0 2 4 7 39.0 189.0 103.0 189.0
0 2 4 8 45.0 234.0 136.0 229.0
0 2 4 9 57.0 272.0 173.0 272.0
0 2 4 10 72.0 317.0 209.0 317.0
0 2 4 11 81.0 364.0 255.0 364.0
0 2 4 12 107.0 407.0 307.0 407.0
0 2 4 13 124.0 459.0 335.0 459.0
0 2 4 14 133.0 513.0 387.0 513.0
0 2 4 15 144.0 562.0 454.0 562.0
0 2 4 16 161.0 620.0 526.0 620.0
0 2 4 17 201.0 671.0 625.0 671.0
0 2 4 18 225.0 725.0 -1  -1 
0 2 4 19 238.0 764.0 -1  -1 
0 2 4 20 305.0 835.0 -1  -1 
0 2 4 21 326.0 901.0 -1  -1 
0 2 4 22 392.0 524.0 -1  -1 
0 3 1 2 6.0 35.0 -1  -1 
0 3 1 3 12.0 53.0 24.0 53.0
0 3 1 4 18.0 88.0 18.0 81.0
0 3 1 5 25.0 114.0 56.0 114.0
0 3 1 6 34.0 152.0 75.0 152.0
0 3 1 7 43.0 189.0 100.0 189.0
0 3 1 8 52.0 234.0 129.0 231.0
0 3 1 9 62.0 273.0 168.0 273.0
0 3 1 10 73.0 319.0 207.0 319.0
0 3 1 11 91.0 366.0 246.0 366.0
0 3 1 12 107.0 410.0 295.0 410.0
0 3 1 13 124.0 464.0 351.0 464.0
0 3 1 14 136.0 510.0 395.0 510.0
0 3 1 15 160.0 567.0 456.0 567.0
0 3 1 16 176.0 622.0 525.0 622.0
0 3 1 17 196.0 680.0 596.0 680.0
0 3 1 18 230.0 735.0 -1  -1 
0 3 1 19 261.0 795.0 -1  -1 
0 3 1 20 300.0 841.0 -1  -1 
0 3 1 21 370.0 907.0 -1  -1 
0 3 1 22 372.0 898.0 -1  -1 
0 3 1 23 515.0 553.0 -1  -1 
0 3 2 2 5.0 25.0 -1  -1 
0 3 2 3 11.0 50.0 23.0 44.0
0 3 2 4 16.0 77.0 16.0 68.0
0 3 2 5 21.0 108.0 47.0 101.0
0 3 2 6 28.0 139.0 58.0 131.0
0 3 2 7 36.0 176.0 73.0 171.0
0 3 2 8 43.0 216.0 111.0 209.0
0 3 2 9 53.0 256.0 140.0 250.0
0 3 2 10 63.0 300.0 171.0 288.0
0 3 2 11 82.0 342.0 207.0 334.0
0 3 2 12 96.0 389.0 242.0 383.0
0 3 2 13 106.0 437.0 292.0 426.0
0 3 2 14 118.0 484.0 334.0 471.0
0 3 2 15 134.0 539.0 390.0 526.0
0 3 2 16 146.0 577.0 426.0 577.0
0 3 2 17 170.0 640.0 451.0 628.0
0 3 2 18 198.0 699.0 525.0 699.0
0 3 2 19 209.0 761.0 -1  -1 
0 3 2 20 268.0 823.0 -1  -1 
0 3 2 21 283.0 877.0 -1  -1 
0 3 2 22 342.0 925.0 -1  -1 
0 3 2 23 353.0 518.0 -1  -1 
0 3 2 24 415.0 417.0 -1  -1 
0 3 3 2 7.0 30.0 -1  -1 
0 3 3 3 12.0 57.0 -1  -1 
0 3 3 4 19.0 83.0 21.0 82.0
0 3 3 5 27.0 119.0 56.0 117.0
0 3 3 6 34.0 154.0 73.0 152.0
0 3 3 7 43.0 188.0 124.0 186.0
0 3 3 8 53.0 241.0 146.0 231.0
0 3 3 9 64.0 273.0 185.0 273.0
0 3 3 10 76.0 324.0 213.0 318.0
0 3 3 11 91.0 366.0 292.0 360.0
0 3 3 12 100.0 423.0 320.0 407.0
0 3 3 13 112.0 468.0 -1  -1 
0 3 3 14 126.0 524.0 -1  -1 
0 3 3 15 145.0 574.0 -1  -1 
0 3 3 16 171.0 632.0 -1  -1 
0 3 3 17 193.0 710.0 -1  -1 
0 3 3 18 223.0 776.0 -1  -1 
0 3 3 19 241.0 842.0 -1  -1 
0 3 3 20 263.0 912.0 -1  -1 
0 3 3 21 384.0 932.0 -1  -1 
0 3 3 22 333.0 994.0 -1  -1 
0 3 3 23 445.0 682.0 -1  -1 
0 3 3 24 433.0 490.0 -1  -1 
0 3 4 1 2.0 23.0 -1  -1 
0 3 4 2 6.0 34.0 -1  -1 
0 3 4 3 10.0 59.0 -1  -1 
0 3 4 4 15.0 89.0 -1  -1 
0 3 4 5 25.0 117.0 -1  -1 
0 3 4 6 31.0 152.0 -1  -1 
0 3 4 7 40.0 191.0 -1  -1 
0 3 4 8 50.0 242.0 -1  -1 
0 3 4 9 60.0 281.0 -1  -1 
0 3 4 10 73.0 335.0 -1  -1 
0 3 4 11 82.0 372.0 -1  -1 
0 3 4 12 90.0 438.0 -1  -1 
0 3 4 13 102.0 475.0 -1  -1 
0 3 4 14 115.0 524.0 -1  -1 
0 3 4 15 142.0 579.0 -1  -1 
0 3 4 16 168.0 653.0 -1  -1 
0 3 4 17 191.0 699.0 -1  -1 
0 3 4 18 217.0 760.0 -1  -1 
0 3 4 19 236.0 844.0 -1  -1 
0 3 4 20 305.0 902.0 -1  -1 
0 3 4 21 344.0 931.0 -1  -1 
0 3 4 22 347.0 997.0 -1  -1 
0 3 4 23 387.0 641.0 -1  -1 
0 4 1 2 6.0 34.0 -1  -1 
0 4 1 3 14.0 53.0 26.0 53.0
0 4 1 4 20.0 84.0 20.0 80.0
0 4 1 5 27.0 114.0 49.0 114.0
0 4 1 6 37.0 146.0 66.0 146.0
0 4 1 7 44.0 184.0 88.0 184.0
0 4 1 8 57.0 233.0 115.0 227.0
0 4 1 9 66.0 270.0 155.0 270.0
0 4 1 10 79.0 315.0 187.0 315.0
0 4 1 11 92.0 359.0 232.0 359.0
0 4 1 12 105.0 402.0 278.0 402.0
0 4 1 13 118.0 457.0 320.0 457.0
0 4 1 14 133.0 504.0 368.0 504.0
0 4 1 15 149.0 559.0 427.0 559.0
0 4 1 16 167.0 616.0 478.0 616.0
0 4 1 17 183.0 673.0 541.0 673.0
0 4 1 18 200.0 726.0 615.0 726.0
0 4 1 19 221.0 781.0 -1  -1 
0 4 1 20 273.0 843.0 -1  -1 
0 4 1 21 305.0 850.0 -1  -1 
0 4 1 22 327.0 565.0 -1  -1 
0 4 1 23 395.0 414.0 -1  -1 
0 4 2 2 6.0 32.0 -1  -1 
0 4 2 3 12.0 54.0 23.0 54.0
0 4 2 4 19.0 81.0 19.0 80.0
0 4 2 5 28.0 114.0 49.0 114.0
0 4 2 6 35.0 148.0 67.0 148.0
0 4 2 7 46.0 187.0 92.0 187.0
0 4 2 8 58.0 232.0 122.0 232.0
0 4 2 9 71.0 271.0 158.0 271.0
0 4 2 10 83.0 312.0 193.0 312.0
0 4 2 11 94.0 361.0 236.0 361.0
0 4 2 12 102.0 406.0 275.0 406.0
0 4 2 13 116.0 455.0 318.0 455.0
0 4 2 14 135.0 507.0 375.0 507.0
0 4 2 15 146.0 558.0 433.0 558.0
0 4 2 16 176.0 616.0 488.0 613.0
0 4 2 17 201.0 675.0 550.0 675.0
0 4 2 18 242.0 728.0 621.0 728.0
0 4 2 19 277.0 792.0 721.0 792.0
0 4 2 20 309.0 852.0 -1  -1 
0 4 2 21 340.0 903.0 -1  -1 
0 4 2 22 353.0 954.0 -1  -1 
0 4 2 23 403.0 502.0 -1  -1 
0 4 3 2 5.0 29.0 -1  -1 
0 4 3 3 11.0 55.0 21.0 52.0
0 4 3 4 16.0 91.0 16.0 79.0
0 4 3 5 23.0 114.0 48.0 113.0
0 4 3 6 28.0 150.0 62.0 150.0
0 4 3 7 36.0 186.0 77.0 186.0
0 4 3 8 46.0 228.0 115.0 223.0
0 4 3 9 55.0 265.0 140.0 265.0
0 4 3 10 66.0 305.0 160.0 305.0
0 4 3 11 79.0 353.0 201.0 353.0
0 4 3 12 91.0 402.0 226.0 402.0
0 4 3 13 104.0 451.0 272.0 451.0
0 4 3 14 123.0 503.0 319.0 503.0
0 4 3 15 134.0 561.0 387.0 544.0
0 4 3 16 153.0 624.0 417.0 608.0
0 4 3 17 176.0 672.0 446.0 662.0
0 4 3 18 200.0 730.0 588.0 722.0
0 4 3 19 218.0 816.0 -1  -1 
0 4 3 20 273.0 861.0 -1  -1 
0 4 3 21 315.0 884.0 -1  -1 
0 4 3 22 333.0 881.0 -1  -1 
0 4 3 23 360.0 533.0 -1  -1 
0 4 4 1 2.0 25.0 -1  -1 
0 4 4 2 7.0 31.0 -1  -1 
0 4 4 3 12.0 58.0 -1  -1 
0 4 4 4 19.0 98.0 -1  -1 
0 4 4 5 29.0 130.0 -1  -1 
0 4 4 6 34.0 165.0 -1  -1 
0 4 4 7 61.0 202.0 -1  -1 
0 4 4 8 81.0 245.0 -1  -1 
0 4 4 9 98.0 290.0 -1  -1 
0 4 4 10 134.0 335.0 -1  -1 
0 4 4 11 171.0 391.0 -1  -1 
0 4 4 12 203.0 435.0 -1  -1 
0 4 4 13 222.0 502.0 -1  -1 
0 4 4 14 243.0 553.0 -1  -1 
0 4 4 15 273.0 601.0 -1  -1 
0 4 4 16 308.0 658.0 -1  -1 
0 4 4 17 343.0 740.0 -1  -1 
0 4 4 18 375.0 775.0 -1  -1 
0 4 4 19 417.0 838.0 -1  -1 
0 4 4 20 569.0 898.0 -1  -1 
0 4 4 21 629.0 969.0 -1  -1 
1 1 1 2 6.0 34.0 -1  -1 
1 1 1 3 11.0 56.0 11.0 54.0
1 1 1 4 16.0 82.0 16.0 82.0
1 1 1 5 25.0 117.0 49.0 117.0
1 1 1 6 30.0 149.0 60.0 149.0
1 1 1 7 39.0 186.0 79.0 185.0
1 1 1 8 48.0 226.0 96.0 226.0
1 1 1 9 56.0 273.0 125.0 273.0
1 1 1 10 69.0 319.0 154.0 319.0
1 1 1 11 82.0 362.0 225.0 362.0
1 1 1 12 94.0 412.0 283.0 412.0
1 1 1 13 105.0 463.0 317.0 463.0
1 1 1 14 120.0 520.0 358.0 520.0
1 1 1 15 136.0 570.0 429.0 570.0
1 1 1 16 159.0 630.0 -1  -1 
1 1 1 17 178.0 664.0 -1  -1 
1 1 1 18 202.0 733.0 -1  -1 
1 1 1 19 236.0 758.0 -1  -1 
1 1 1 20 279.0 835.0 -1  -1 
1 1 1 21 321.0 521.0 -1  -1 
1 1 1 22 333.0 363.0 -1  -1 
1 1 2 1 2.0 25.0 -1  -1 
1 1 2 2 6.0 33.0 -1  -1 
1 1 2 3 11.0 64.0 -1  -1 
1 1 2 4 19.0 83.0 -1  -1 
1 1 2 5 28.0 107.0 -1  -1 
1 1 2 6 37.0 151.0 -1  -1 
1 1 2 7 49.0 177.0 -1  -1 
1 1 2 8 61.0 236.0 -1  -1 
1 1 2 9 84.0 277.0 -1  -1 
1 1 2 10 99.0 331.0 -1  -1 
1 1 2 11 125.0 371.0 -1  -1 
1 1 2 12 149.0 419.0 -1  -1 
1 1 2 13 173.0 471.0 -1  -1 
1 1 2 14 195.0 519.0 -1  -1 
1 1 2 15 235.0 578.0 -1  -1 
1 1 2 16 264.0 634.0 -1  -1 
1 1 2 17 300.0 692.0 -1  -1 
1 1 2 18 333.0 737.0 -1  -1 
1 1 2 19 362.0 805.0 -1  -1 
1 1 2 20 422.0 865.0 -1  -1 
1 1 2 21 427.0 649.0 -1  -1 
1 1 2 22 521.0 664.0 -1  -1 
1 1 3 2 6.0 37.0 -1  -1 
1 1 3 3 10.0 57.0 -1  -1 
1 1 3 4 15.0 73.0 15.0 71.0
1 1 3 5 20.0 112.0 -1  -1 
1 1 3 6 26.0 153.0 93.0 153.0
1 1 3 7 34.0 192.0 110.0 192.0
1 1 3 8 44.0 233.0 152.0 233.0
1 1 3 9 69.0 282.0 196.0 282.0
1 1 3 10 84.0 328.0 250.0 327.0
1 1 3 11 95.0 373.0 309.0 373.0
1 1 3 12 105.0 423.0 337.0 423.0
1 1 3 13 120.0 470.0 390.0 470.0
1 1 3 14 141.0 528.0 435.0 528.0
1 1 3 15 160.0 578.0 -1  -1 
1 1 3 16 182.0 633.0 -1  -1 
1 1 3 17 201.0 687.0 -1  -1 
1 1 3 18 215.0 770.0 -1  -1 
1 1 3 19 235.0 813.0 -1  -1 
1 1 3 20 307.0 853.0 -1  -1 
1 1 3 21 328.0 791.0 -1  -1 
1 1 3 22 392.0 651.0 -1  -1 
1 1 3 23 430.0 432.0 -1  -1 
1 1 4 2 6.0 33.0 -1  -1 
1 1 4 3 11.0 55.0 22.0 55.0
1 1 4 4 16.0 82.0 16.0 82.0
1 1 4 5 23.0 116.0 58.0 116.0
1 1 4 6 31.0 150.0 76.0 150.0
1 1 4 7 42.0 187.0 108.0 187.0
1 1 4 8 52.0 232.0 139.0 232.0
1 1 4 9 60.0 275.0 185.0 275.0
1 1 4 10 75.0 315.0 228.0 315.0
1 1 4 11 89.0 366.0 272.0 366.0
1 1 4 12 104.0 410.0 316.0 410.0
1 1 4 13 119.0 462.0 376.0 462.0
1 1 4 14 146.0 514.0 420.0 514.0
1 1 4 15 163.0 564.0 504.0 564.0
1 1 4 16 188.0 613.0 557.0 613.0
1 1 4 17 216.0 675.0 -1  -1 
1 1 4 18 249.0 735.0 -1  -1 
1 1 4 19 281.0 792.0 -1  -1 
1 1 4 20 331.0 693.0 -1  -1 
1 1 4 21 385.0 475.0 -1  -1 
1 1 4 22 546.0 548.0 -1  -1 
1 2 3 2 6.0 32.0 -1  -1 
1 2 3 3 12.0 61.0 22.0 54.0
1 2 3 4 18.0 82.0 18.0 82.0
1 2 3 5 27.0 118.0 54.0 117.0
1 2 3 6 36.0 154.0 83.0 150.0
1 2 3 7 44.0 193.0 102.0 192.0
1 2 3 8 57.0 233.0 136.0 232.0
1 2 3 9 66.0 296.0 181.0 280.0
1 2 3 10 81.0 329.0 207.0 322.0
1 2 3 11 97.0 379.0 261.0 371.0
1 2 3 12 134.0 425.0 294.0 425.0
1 2 3 13 148.0 485.0 360.0 471.0
1 2 3 14 164.0 520.0 410.0 514.0
1 2 3 15 184.0 579.0 470.0 573.0
1 2 3 16 204.0 680.0 -1  -1 
1 2 3 17 226.0 731.0 -1  -1 
1 2 3 18 274.0 796.0 -1  -1 
1 2 3 19 290.0 854.0 -1  -1 
1 2 3 20 367.0 907.0 -1  -1 
1 2 3 21 416.0 926.0 -1  -1 
1 2 3 22 446.0 998.0 -1  -1 
1 2 3 23 457.0 806.0 -1  -1 
1 2 4 2 5.0 30.0 -1  -1 
1 2 4 3 12.0 52.0 27.0 50.0
1 2 4 4 17.0 82.0 17.0 82.0
1 2 4 5 23.0 123.0 57.0 117.0
1 2 4 6 31.0 149.0 78.0 149.0
1 2 4 7 40.0 194.0 106.0 193.0
1 2 4 8 48.0 233.0 133.0 233.0
1 2 4 9 60.0 276.0 168.0 276.0
1 2 4 10 73.0 320.0 204.0 320.0
1 2 4 11 83.0 368.0 263.0 368.0
1 2 4 12 92.0 419.0 308.0 419.0
1 2 4 13 107.0 464.0 357.0 464.0
1 2 4 14 122.0 517.0 421.0 517.0
1 2 4 15 148.0 572.0 461.0 572.0
1 2 4 16 196.0 636.0 513.0 636.0
1 2 4 17 218.0 691.0 580.0 691.0
1 2 4 18 234.0 748.0 651.0 748.0
1 2 4 19 255.0 826.0 -1  -1 
1 2 4 20 292.0 875.0 -1  -1 
1 2 4 21 345.0 921.0 -1  -1 
1 2 4 22 367.0 679.0 -1  -1 
1 2 4 23 404.0 620.0 -1  -1 
1 3 1 2 5.0 27.0 -1  -1 
1 3 1 3 12.0 49.0 22.0 41.0
1 3 1 4 18.0 66.0 19.0 65.0
1 3 1 5 27.0 102.0 53.0 95.0
1 3 1 6 35.0 128.0 72.0 128.0
1 3 1 7 45.0 162.0 96.0 162.0
1 3 1 8 56.0 213.0 121.0 202.0
1 3 1 9 68.0 248.0 146.0 244.0
1 3 1 10 81.0 287.0 191.0 287.0
1 3 1 11 94.0 329.0 227.0 329.0
1 3 1 12 104.0 386.0 277.0 378.0
1 3 1 13 121.0 422.0 321.0 422.0
1 3 1 14 140.0 474.0 369.0 474.0
1 3 1 15 161.0 525.0 430.0 517.0
1 3 1 16 175.0 570.0 483.0 570.0
1 3 1 17 191.0 647.0 543.0 641.0
1 3 1 18 228.0 700.0 645.0 700.0
1 3 1 19 260.0 747.0 -1  -1 
1 3 1 20 296.0 819.0 -1  -1 
1 3 1 21 350.0 792.0 -1  -1 
1 3 1 22 409.0 749.0 -1  -1 
1 3 1 23 433.0 525.0 -1  -1 
1 3 1 24 458.0 485.0 -1  -1 
1 3 4 2 6.0 35.0 -1  -1 
1 3 4 3 11.0 54.0 22.0 54.0
1 3 4 4 18.0 82.0 19.0 82.0
1 3 4 5 26.0 114.0 51.0 114.0
1 3 4 6 35.0 150.0 71.0 150.0
1 3 4 7 45.0 191.0 100.0 191.0
1 3 4 8 53.0 239.0 129.0 239.0
1 3 4 9 67.0 275.0 163.0 275.0
1 3 4 10 79.0 320.0 194.0 320.0
1 3 4 11 87.0 363.0 235.0 363.0
1 3 4 12 97.0 416.0 282.0 416.0
1 3 4 13 111.0 469.0 329.0 462.0
1 3 4 14 122.0 517.0 372.0 517.0
1 3 4 15 149.0 575.0 428.0 575.0
1 3 4 16 171.0 630.0 511.0 630.0
1 3 4 17 188.0 685.0 573.0 685.0
1 3 4 18 233.0 752.0 659.0 752.0
1 3 4 19 252.0 803.0 -1  -1 
1 3 4 20 290.0 830.0 -1  -1 
1 3 4 21 316.0 911.0 -1  -1 
1 3 4 22 351.0 465.0 -1  -1 
1 3 4 23 388.0 507.0 -1  -1 
1 3 4 24 404.0 406.0 -1  -1 
1 3 4 25 447.0 449.0 -1  -1 
1 4 1 2 5.0 30.0 -1  -1 
1 4 1 3 11.0 53.0 19.0 53.0
1 4 1 4 17.0 82.0 17.0 82.0
1 4 1 5 24.0 116.0 50.0 116.0
1 4 1 6 32.0 151.0 65.0 151.0
1 4 1 7 39.0 190.0 91.0 190.0
1 4 1 8 49.0 227.0 120.0 227.0
1 4 1 9 59.0 275.0 153.0 275.0
1 4 1 10 76.0 322.0 188.0 322.0
1 4 1 11 86.0 363.0 210.0 363.0
1 4 1 12 98.0 413.0 270.0 413.0
1 4 1 13 116.0 457.0 323.0 457.0
1 4 1 14 129.0 508.0 380.0 508.0
1 4 1 15 148.0 563.0 451.0 563.0
1 4 1 16 167.0 628.0 506.0 628.0
1 4 1 17 182.0 679.0 577.0 679.0
1 4 1 18 205.0 730.0 629.0 730.0
1 4 1 19 234.0 790.0 -1  -1 
1 4 1 20 270.0 732.0 -1  -1 
1 4 1 21 446.0 772.0 -1  -1 
1 4 1 22 363.0 402.0 -1  -1 
1 4 2 2 5.0 55.0 -1  -1 
1 4 2 3 10.0 50.0 -1  -1 
1 4 2 4 17.0 81.0 17.0 81.0
1 4 2 5 21.0 115.0 51.0 115.0
1 4 2 6 28.0 148.0 71.0 148.0
1 4 2 7 35.0 189.0 98.0 189.0
1 4 2 8 46.0 227.0 121.0 227.0
1 4 2 9 57.0 273.0 160.0 273.0
1 4 2 10 64.0 318.0 201.0 318.0
1 4 2 11 77.0 362.0 248.0 362.0
1 4 2 12 98.0 412.0 293.0 412.0
1 4 2 13 108.0 461.0 348.0 461.0
1 4 2 14 121.0 510.0 424.0 510.0
1 4 2 15 146.0 567.0 500.0 567.0
1 4 2 16 159.0 621.0 571.0 621.0
1 4 2 17 177.0 682.0 636.0 666.0
1 4 2 18 198.0 735.0 -1  -1 
1 4 2 19 279.0 779.0 -1  -1 
1 4 2 20 312.0 826.0 -1  -1 
1 4 2 21 334.0 599.0 -1  -1 
1 4 2 22 390.0 397.0 -1  -1 
1 4 2 23 433.0 435.0 -1  -1 
1 4 2 24 443.0 445.0 -1  -1 
1 4 3 2 6.0 31.0 -1  -1 
1 4 3 3 12.0 54.0 24.0 54.0
1 4 3 4 19.0 94.0 19.0 82.0
1 4 3 5 26.0 118.0 55.0 118.0
1 4 3 6 35.0 154.0 76.0 150.0
1 4 3 7 47.0 189.0 102.0 189.0
1 4 3 8 58.0 227.0 133.0 227.0
1 4 3 9 72.0 281.0 169.0 281.0
1 4 3 10 85.0 325.0 210.0 325.0
1 4 3 11 95.0 364.0 249.0 364.0
1 4 3 12 113.0 414.0 299.0 414.0
1 4 3 13 130.0 462.0 350.0 462.0
1 4 3 14 142.0 514.0 413.0 514.0
1 4 3 15 175.0 563.0 480.0 563.0
1 4 3 16 188.0 630.0 536.0 630.0
1 4 3 17 224.0 679.0 581.0 679.0
1 4 3 18 258.0 726.0 -1  -1 
1 4 3 19 362.0 787.0 -1  -1 
1 4 3 20 364.0 810.0 -1  -1 
1 4 3 21 418.0 754.0 -1  -1 
1 4 3 22 470.0 472.0 -1  -1 
2 1 1 2 6.0 48.0 -1  -1 
2 1 1 3 11.0 65.0 25.0 57.0
2 1 1 4 19.0 90.0 22.0 82.0
2 1 1 5 26.0 118.0 52.0 118.0
2 1 1 6 35.0 152.0 73.0 152.0
2 1 1 7 44.0 189.0 97.0 189.0
2 1 1 8 54.0 235.0 126.0 235.0
2 1 1 9 69.0 281.0 164.0 281.0
2 1 1 10 84.0 329.0 193.0 329.0
2 1 1 11 93.0 417.0 250.0 370.0
2 1 1 12 116.0 425.0 304.0 425.0
2 1 1 13 128.0 490.0 353.0 471.0
2 1 1 14 146.0 531.0 403.0 531.0
2 1 1 15 167.0 598.0 469.0 579.0
2 1 1 16 207.0 669.0 545.0 669.0
2 1 1 17 242.0 715.0 603.0 706.0
2 1 1 18 271.0 803.0 -1  -1 
2 1 1 19 303.0 855.0 -1  -1 
2 1 1 20 340.0 913.0 -1  -1 
2 1 1 21 417.0 934.0 -1  -1 
2 1 1 22 399.0 984.0 -1  -1 
2 1 1 23 467.0 650.0 -1  -1 
2 1 2 3 9.0 47.0 23.0 41.0
2 1 2 4 13.0 73.0 19.0 66.0
2 1 2 5 23.0 104.0 54.0 99.0
2 1 2 6 30.0 132.0 74.0 128.0
2 1 2 7 38.0 174.0 103.0 166.0
2 1 2 8 47.0 213.0 127.0 205.0
2 1 2 9 61.0 260.0 155.0 245.0
2 1 2 10 72.0 299.0 188.0 290.0
2 1 2 11 85.0 344.0 240.0 329.0
2 1 2 12 97.0 387.0 291.0 379.0
2 1 2 13 123.0 436.0 328.0 417.0
2 1 2 14 139.0 480.0 364.0 468.0
2 1 2 15 159.0 541.0 423.0 521.0
2 1 2 16 194.0 598.0 502.0 581.0
2 1 2 17 230.0 655.0 575.0 644.0
2 1 2 18 291.0 719.0 -1  -1 
2 1 2 19 327.0 806.0 -1  -1 
2 1 2 20 368.0 877.0 -1  -1 
2 1 2 21 414.0 934.0 -1  -1 
2 1 2 22 415.0 947.0 -1  -1 
2 1 2 23 479.0 943.0 -1  -1 
2 1 2 24 893.0 895.0 -1  -1 
2 1 3 2 6.0 37.0 -1  -1 
2 1 3 3 11.0 56.0 25.0 55.0
2 1 3 4 18.0 82.0 18.0 82.0
2 1 3 5 25.0 116.0 52.0 116.0
2 1 3 6 31.0 154.0 72.0 154.0
2 1 3 7 39.0 190.0 97.0 190.0
2 1 3 8 51.0 239.0 122.0 239.0
2 1 3 9 61.0 281.0 157.0 281.0
2 1 3 10 74.0 322.0 192.0 322.0
2 1 3 11 82.0 368.0 235.0 368.0
2 1 3 12 100.0 415.0 279.0 415.0
2 1 3 13 113.0 469.0 322.0 469.0
2 1 3 14 128.0 518.0 375.0 518.0
2 1 3 15 157.0 575.0 430.0 575.0
2 1 3 16 179.0 631.0 476.0 631.0
2 1 3 17 195.0 696.0 533.0 696.0
2 1 3 18 219.0 756.0 -1  -1 
2 1 3 19 247.0 820.0 -1  -1 
2 1 3 20 286.0 899.0 -1  -1 
2 1 3 21 326.0 928.0 -1  -1 
2 1 3 22 350.0 750.0 -1  -1 
2 1 3 23 389.0 509.0 -1  -1 
2 1 3 24 516.0 518.0 -1  -1 
2 2 1 2 6.0 44.0 -1  -1 
2 2 1 3 11.0 57.0 -1  -1 
2 2 1 4 17.0 85.0 19.0 83.0
2 2 1 5 23.0 118.0 50.0 118.0
2 2 1 6 32.0 152.0 68.0 152.0
2 2 1 7 41.0 201.0 90.0 195.0
2 2 1 8 50.0 234.0 122.0 234.0
2 2 1 9 63.0 277.0 154.0 277.0
2 2 1 10 73.0 325.0 191.0 325.0
2 2 1 11 91.0 370.0 227.0 370.0
2 2 1 12 105.0 426.0 265.0 426.0
2 2 1 13 121.0 471.0 314.0 471.0
2 2 1 14 138.0 530.0 359.0 530.0
2 2 1 15 153.0 580.0 423.0 580.0
2 2 1 16 179.0 661.0 476.0 646.0
2 2 1 17 198.0 706.0 552.0 701.0
2 2 1 18 232.0 776.0 639.0 769.0
2 2 1 19 261.0 845.0 -1  -1 
2 2 1 20 312.0 913.0 -1  -1 
2 2 1 21 341.0 929.0 -1  -1 
2 2 1 22 374.0 978.0 -1  -1 
2 2 1 23 410.0 540.0 -1  -1 
2 2 1 24 556.0 680.0 -1  -1 
2 2 2 2 7.0 49.0 -1  -1 
2 2 2 3 15.0 60.0 -1  -1 
2 2 2 4 22.0 84.0 27.0 83.0
2 2 2 5 31.0 119.0 60.0 117.0
2 2 2 6 40.0 168.0 85.0 168.0
2 2 2 7 50.0 196.0 109.0 196.0
2 2 2 8 66.0 234.0 138.0 234.0
2 2 2 9 77.0 280.0 177.0 276.0
2 2 2 10 86.0 327.0 212.0 323.0
2 2 2 11 105.0 378.0 251.0 367.0
2 2 2 12 120.0 416.0 294.0 416.0
2 2 2 13 152.0 467.0 347.0 467.0
2 2 2 14 165.0 520.0 409.0 520.0
2 2 2 15 182.0 587.0 477.0 574.0
2 2 2 16 214.0 631.0 541.0 631.0
2 2 2 17 230.0 695.0 -1  -1 
2 2 2 18 254.0 754.0 -1  -1 
2 2 2 19 304.0 823.0 -1  -1 
2 2 2 20 354.0 864.0 -1  -1 
2 2 2 21 401.0 908.0 -1  -1 
2 2 2 22 423.0 983.0 -1  -1 
2 2 2 23 482.0 566.0 -1  -1 
2 2 2 24 673.0 675.0 -1  -1 
2 2 3 2 5.0 56.0 -1  -1 
2 2 3 3 11.0 53.0 28.0 52.0
2 2 3 4 18.0 84.0 19.0 84.0
2 2 3 5 27.0 118.0 48.0 116.0
2 2 3 6 35.0 152.0 74.0 152.0
2 2 3 7 47.0 195.0 96.0 195.0
2 2 3 8 55.0 241.0 121.0 241.0
2 2 3 9 66.0 280.0 158.0 280.0
2 2 3 10 79.0 332.0 189.0 332.0
2 2 3 11 96.0 373.0 225.0 373.0
2 2 3 12 105.0 422.0 282.0 422.0
2 2 3 13 120.0 478.0 322.0 472.0
2 2 3 14 135.0 525.0 362.0 525.0
2 2 3 15 150.0 580.0 412.0 580.0
2 2 3 16 176.0 636.0 473.0 636.0
2 2 3 17 201.0 699.0 590.0 699.0
2 2 3 18 219.0 759.0 662.0 759.0
2 2 3 19 245.0 814.0 -1  -1 
2 2 3 20 312.0 867.0 -1  -1 
2 2 3 21 338.0 887.0 -1  -1 
2 2 3 22 383.0 671.0 -1  -1 
2 2 3 23 418.0 446.0 -1  -1 
2 2 4 2 5.0 28.0 -1  -1 
2 2 4 3 11.0 51.0 24.0 41.0
2 2 4 4 17.0 76.0 17.0 65.0
2 2 4 5 27.0 106.0 54.0 97.0
2 2 4 6 35.0 136.0 77.0 131.0
2 2 4 7 45.0 173.0 99.0 164.0
2 2 4 8 56.0 213.0 124.0 204.0
2 2 4 9 71.0 251.0 162.0 246.0
2 2 4 10 89.0 286.0 203.0 286.0
2 2 4 11 100.0 330.0 255.0 321.0
2 2 4 12 118.0 380.0 299.0 372.0
2 2 4 13 135.0 417.0 345.0 417.0
2 2 4 14 157.0 467.0 397.0 467.0
2 2 4 15 174.0 515.0 444.0 515.0
2 2 4 16 197.0 579.0 498.0 579.0
2 2 4 17 221.0 645.0 567.0 637.0
2 2 4 18 255.0 702.0 -1  -1 
2 2 4 19 265.0 769.0 -1  -1 
2 2 4 20 321.0 856.0 -1  -1 
2 2 4 21 349.0 855.0 -1  -1 
2 2 4 22 447.0 809.0 -1  -1 
2 2 4 23 423.0 606.0 -1  -1 
2 4 2 2 6.0 31.0 -1  -1 
2 4 2 3 12.0 57.0 21.0 57.0
2 4 2 4 18.0 85.0 18.0 83.0
2 4 2 5 25.0 118.0 44.0 118.0
2 4 2 6 35.0 151.0 62.0 151.0
2 4 2 7 43.0 192.0 92.0 192.0
2 4 2 8 56.0 235.0 121.0 235.0
2 4 2 9 65.0 276.0 152.0 276.0
2 4 2 10 81.0 322.0 187.0 322.0
2 4 2 11 94.0 368.0 225.0 368.0
2 4 2 12 110.0 416.0 268.0 416.0
2 4 2 13 118.0 461.0 316.0 461.0
2 4 2 14 137.0 519.0 364.0 519.0
2 4 2 15 154.0 575.0 419.0 575.0
2 4 2 16 174.0 622.0 473.0 622.0
2 4 2 17 201.0 686.0 537.0 686.0
2 4 2 18 226.0 752.0 615.0 752.0
2 4 2 19 267.0 796.0 -1  -1 
2 4 2 20 313.0 847.0 -1  -1 
2 4 2 21 353.0 893.0 -1  -1 
2 4 2 22 363.0 631.0 -1  -1 
2 4 2 23 451.0 453.0 -1  -1 
2 4 4 2 7.0 33.0 -1  -1 
2 4 4 3 12.0 58.0 23.0 55.0
2 4 4 4 19.0 84.0 19.0 84.0
2 4 4 5 28.0 116.0 46.0 116.0
2 4 4 6 38.0 156.0 68.0 156.0
2 4 4 7 45.0 192.0 96.0 192.0
2 4 4 8 55.0 242.0 119.0 242.0
2 4 4 9 66.0 282.0 152.0 282.0
2 4 4 10 81.0 326.0 182.0 326.0
2 4 4 11 89.0 369.0 231.0 369.0
2 4 4 12 104.0 425.0 272.0 425.0
2 4 4 13 114.0 474.0 321.0 474.0
2 4 4 14 136.0 525.0 365.0 525.0
2 4 4 15 152.0 587.0 432.0 574.0
2 4 4 16 167.0 639.0 498.0 639.0
2 4 4 17 184.0 691.0 572.0 691.0
2 4 4 18 216.0 750.0 682.0 750.0
2 4 4 19 281.0 805.0 -1  -1 
2 4 4 20 319.0 634.0 -1  -1 
2 4 4 21 362.0 782.0 -1  -1 
2 4 4 22 380.0 716.0 -1  -1 
