#Limiti di energia lasciata in Si1 per identificazione in Z e A per PSA Imax-E in Si1
#blocco qua tel Z ESi1minZid ESi1maxZid ESi1minAid ESi1maxAid
0 1 1 1 6.0 25.0 -1  -1 
0 1 1 2 9.0 43.0 -1  -1 
0 1 1 3 13.0 72.0 -1  -1 
0 1 1 4 20.0 82.0 -1  -1 
0 1 1 5 28.0 117.0 -1  -1 
0 1 1 6 38.0 150.0 85.0 148.0
0 1 1 7 50.0 191.0 107.0 190.0
0 1 1 8 57.0 233.0 138.0 231.0
0 1 1 9 68.0 273.0 164.0 272.0
0 1 1 10 88.0 323.0 212.0 322.0
0 1 1 11 103.0 371.0 249.0 371.0
0 1 1 12 135.0 433.0 284.0 415.0
0 1 1 13 159.0 468.0 333.0 468.0
0 1 1 14 185.0 559.0 375.0 526.0
0 1 1 15 215.0 586.0 418.0 571.0
0 1 1 16 255.0 637.0 471.0 633.0
0 1 1 17 275.0 706.0 515.0 688.0
0 1 1 18 338.0 775.0 573.0 757.0
0 1 1 19 406.0 817.0 625.0 811.0
0 1 1 20 456.0 879.0 715.0 870.0
0 1 1 21 493.0 937.0 -1  -1 
0 1 1 22 543.0 991.0 -1  -1 
0 1 1 23 629.0 1001.0 -1  -1 
0 1 2 1 2.0 24.0 -1  -1 
0 1 2 2 4.0 38.0 -1  -1 
0 1 2 3 8.0 69.0 23.0 57.0
0 1 2 4 12.0 82.0 35.0 82.0
0 1 2 5 17.0 117.0 53.0 117.0
0 1 2 6 24.0 153.0 74.0 149.0
0 1 2 7 31.0 191.0 106.0 191.0
0 1 2 8 48.0 236.0 136.0 236.0
0 1 2 9 75.0 282.0 167.0 282.0
0 1 2 10 100.0 326.0 218.0 325.0
0 1 2 11 128.0 396.0 246.0 372.0
0 1 2 12 139.0 428.0 297.0 419.0
0 1 2 13 176.0 508.0 327.0 482.0
0 1 2 14 207.0 559.0 393.0 527.0
0 1 2 15 248.0 613.0 452.0 577.0
0 1 2 16 285.0 645.0 504.0 642.0
0 1 2 17 336.0 708.0 557.0 693.0
0 1 2 18 374.0 777.0 615.0 759.0
0 1 2 19 441.0 829.0 -1  -1 
0 1 2 20 510.0 892.0 -1  -1 
0 1 2 21 542.0 951.0 -1  -1 
0 1 2 22 598.0 1004.0 -1  -1 
0 1 2 23 622.0 1052.0 -1  -1 
0 1 3 1 2.0 23.0 -1  -1 
0 1 3 2 5.0 43.0 -1  -1 
0 1 3 3 9.0 60.0 25.0 60.0
0 1 3 4 16.0 83.0 36.0 83.0
0 1 3 5 22.0 115.0 54.0 115.0
0 1 3 6 29.0 151.0 76.0 151.0
0 1 3 7 39.0 190.0 100.0 190.0
0 1 3 8 65.0 235.0 130.0 235.0
0 1 3 9 73.0 318.0 164.0 278.0
0 1 3 10 96.0 322.0 196.0 322.0
0 1 3 11 111.0 370.0 226.0 367.0
0 1 3 12 149.0 419.0 270.0 419.0
0 1 3 13 175.0 511.0 327.0 493.0
0 1 3 14 220.0 587.0 367.0 523.0
0 1 3 15 251.0 611.0 418.0 595.0
0 1 3 16 311.0 664.0 468.0 638.0
0 1 3 17 335.0 731.0 518.0 708.0
0 1 3 18 376.0 787.0 575.0 764.0
0 1 3 19 415.0 827.0 630.0 819.0
0 1 3 20 455.0 888.0 693.0 880.0
0 1 3 21 486.0 947.0 -1  -1 
0 1 3 22 543.0 1009.0 -1  -1 
0 1 3 23 598.0 1058.0 -1  -1 
0 1 3 24 626.0 1030.0 -1  -1 
0 1 4 1 2.0 24.0 -1  -1 
0 1 4 2 4.0 47.0 -1  -1 
0 1 4 3 8.0 60.0 24.0 55.0
0 1 4 4 13.0 85.0 36.0 85.0
0 1 4 5 19.0 116.0 53.0 116.0
0 1 4 6 32.0 154.0 70.0 151.0
0 1 4 7 50.0 190.0 101.0 190.0
0 1 4 8 61.0 232.0 134.0 232.0
0 1 4 9 77.0 299.0 170.0 275.0
0 1 4 10 97.0 344.0 210.0 322.0
0 1 4 11 102.0 373.0 241.0 369.0
0 1 4 12 127.0 417.0 290.0 417.0
0 1 4 13 157.0 493.0 333.0 475.0
0 1 4 14 185.0 536.0 375.0 529.0
0 1 4 15 222.0 601.0 431.0 576.0
0 1 4 16 284.0 647.0 481.0 637.0
0 1 4 17 340.0 705.0 540.0 705.0
0 1 4 18 394.0 767.0 600.0 762.0
0 1 4 19 455.0 829.0 642.0 815.0
0 1 4 20 531.0 886.0 -1  -1 
0 1 4 21 586.0 940.0 -1  -1 
0 1 4 22 646.0 1002.0 -1  -1 
0 1 4 23 698.0 1059.0 -1  -1 
0 1 4 24 827.0 1009.0 -1  -1 
0 2 1 1 2.0 26.0 -1  -1 
0 2 1 2 5.0 44.0 -1  -1 
0 2 1 3 9.0 57.0 22.0 57.0
0 2 1 4 14.0 86.0 35.0 83.0
0 2 1 5 21.0 117.0 51.0 117.0
0 2 1 6 29.0 153.0 68.0 153.0
0 2 1 7 35.0 194.0 100.0 191.0
0 2 1 8 48.0 232.0 117.0 232.0
0 2 1 9 68.0 280.0 162.0 280.0
0 2 1 10 88.0 335.0 196.0 319.0
0 2 1 11 103.0 375.0 225.0 372.0
0 2 1 12 131.0 424.0 281.0 418.0
0 2 1 13 157.0 495.0 327.0 495.0
0 2 1 14 176.0 551.0 370.0 521.0
0 2 1 15 201.0 622.0 419.0 585.0
0 2 1 16 234.0 654.0 469.0 636.0
0 2 1 17 294.0 703.0 519.0 703.0
0 2 1 18 342.0 767.0 582.0 756.0
0 2 1 19 410.0 820.0 635.0 819.0
0 2 1 20 470.0 885.0 689.0 873.0
0 2 1 21 575.0 942.0 -1  -1 
0 2 1 22 630.0 1004.0 -1  -1 
0 2 1 23 680.0 1057.0 -1  -1 
0 2 1 24 742.0 970.0 -1  -1 
0 2 2 1 2.0 27.0 -1  -1 
0 2 2 2 4.0 46.0 -1  -1 
0 2 2 3 8.0 60.0 22.0 54.0
0 2 2 4 14.0 83.0 33.0 83.0
0 2 2 5 22.0 117.0 56.0 117.0
0 2 2 6 29.0 152.0 80.0 152.0
0 2 2 7 44.0 192.0 102.0 192.0
0 2 2 8 62.0 232.0 141.0 232.0
0 2 2 9 81.0 305.0 172.0 278.0
0 2 2 10 92.0 324.0 208.0 324.0
0 2 2 11 117.0 373.0 254.0 366.0
0 2 2 12 137.0 418.0 290.0 418.0
0 2 2 13 181.0 475.0 344.0 475.0
0 2 2 14 199.0 558.0 384.0 528.0
0 2 2 15 238.0 601.0 427.0 578.0
0 2 2 16 279.0 667.0 492.0 640.0
0 2 2 17 339.0 702.0 549.0 702.0
0 2 2 18 407.0 785.0 618.0 760.0
0 2 2 19 482.0 828.0 652.0 818.0
0 2 2 20 532.0 888.0 -1  -1 
0 2 2 21 584.0 945.0 -1  -1 
0 2 2 22 650.0 1004.0 -1  -1 
0 2 2 23 705.0 1031.0 -1  -1 
0 2 2 24 833.0 1021.0 -1  -1 
0 2 3 1 2.0 24.0 -1  -1 
0 2 3 2 4.0 46.0 -1  -1 
0 2 3 3 8.0 56.0 20.0 56.0
0 2 3 4 12.0 84.0 37.0 84.0
0 2 3 5 21.0 118.0 55.0 118.0
0 2 3 6 29.0 153.0 83.0 153.0
0 2 3 7 38.0 195.0 108.0 191.0
0 2 3 8 60.0 237.0 147.0 236.0
0 2 3 9 74.0 280.0 181.0 280.0
0 2 3 10 86.0 340.0 218.0 324.0
0 2 3 11 101.0 381.0 246.0 374.0
0 2 3 12 132.0 429.0 294.0 419.0
0 2 3 13 167.0 508.0 340.0 476.0
0 2 3 14 179.0 560.0 384.0 525.0
0 2 3 15 213.0 624.0 431.0 592.0
0 2 3 16 259.0 663.0 491.0 648.0
0 2 3 17 323.0 728.0 538.0 706.0
0 2 3 18 376.0 779.0 602.0 764.0
0 2 3 19 441.0 839.0 667.0 827.0
0 2 3 20 524.0 895.0 763.0 883.0
0 2 3 21 584.0 953.0 -1  -1 
0 2 3 22 627.0 1009.0 -1  -1 
0 2 3 23 675.0 1065.0 -1  -1 
0 2 3 24 720.0 1068.0 -1  -1 
0 2 4 1 2.0 24.0 -1  -1 
0 2 4 2 5.0 43.0 -1  -1 
0 2 4 3 8.0 57.0 23.0 57.0
0 2 4 4 14.0 84.0 32.0 84.0
0 2 4 5 18.0 117.0 50.0 117.0
0 2 4 6 26.0 152.0 75.0 152.0
0 2 4 7 35.0 201.0 97.0 191.0
0 2 4 8 48.0 236.0 125.0 236.0
0 2 4 9 69.0 277.0 160.0 277.0
0 2 4 10 84.0 345.0 197.0 320.0
0 2 4 11 102.0 389.0 230.0 370.0
0 2 4 12 127.0 422.0 273.0 419.0
0 2 4 13 158.0 512.0 325.0 476.0
0 2 4 14 174.0 571.0 366.0 523.0
0 2 4 15 208.0 614.0 407.0 587.0
0 2 4 16 268.0 671.0 465.0 641.0
0 2 4 17 343.0 724.0 525.0 697.0
0 2 4 18 397.0 785.0 591.0 761.0
0 2 4 19 470.0 834.0 650.0 813.0
0 2 4 20 538.0 892.0 713.0 883.0
0 2 4 21 601.0 949.0 -1  -1 
0 2 4 22 655.0 1016.0 -1  -1 
0 2 4 23 700.0 1067.0 -1  -1 
0 2 4 24 733.0 1063.0 -1  -1 
0 3 1 1 2.0 27.0 -1  -1 
0 3 1 2 4.0 47.0 -1  -1 
0 3 1 3 7.0 63.0 22.0 54.0
0 3 1 4 13.0 85.0 34.0 81.0
0 3 1 5 17.0 116.0 52.0 116.0
0 3 1 6 24.0 153.0 76.0 152.0
0 3 1 7 34.0 190.0 107.0 189.0
0 3 1 8 49.0 235.0 135.0 235.0
0 3 1 9 60.0 331.0 163.0 274.0
0 3 1 10 89.0 346.0 213.0 321.0
0 3 1 11 96.0 407.0 243.0 374.0
0 3 1 12 105.0 429.0 278.0 418.0
0 3 1 13 139.0 515.0 325.0 476.0
0 3 1 14 160.0 564.0 359.0 520.0
0 3 1 15 181.0 634.0 417.0 582.0
0 3 1 16 218.0 680.0 472.0 638.0
0 3 1 17 251.0 728.0 523.0 704.0
0 3 1 18 277.0 790.0 589.0 757.0
0 3 1 19 336.0 843.0 640.0 815.0
0 3 1 20 467.0 893.0 703.0 881.0
0 3 1 21 543.0 948.0 -1  -1 
0 3 1 22 594.0 1010.0 -1  -1 
0 3 1 23 630.0 1067.0 -1  -1 
0 3 1 24 676.0 1096.0 -1  -1 
0 3 1 25 706.0 1039.0 -1  -1 
0 3 2 1 2.0 25.0 -1  -1 
0 3 2 2 4.0 47.0 -1  -1 
0 3 2 3 8.0 56.0 22.0 54.0
0 3 2 4 12.0 85.0 36.0 84.0
0 3 2 5 19.0 117.0 58.0 117.0
0 3 2 6 23.0 156.0 81.0 153.0
0 3 2 7 31.0 195.0 106.0 191.0
0 3 2 8 45.0 237.0 141.0 232.0
0 3 2 9 84.0 326.0 175.0 289.0
0 3 2 10 113.0 359.0 205.0 321.0
0 3 2 11 134.0 392.0 252.0 384.0
0 3 2 12 165.0 440.0 290.0 420.0
0 3 2 13 201.0 510.0 332.0 471.0
0 3 2 14 241.0 592.0 375.0 531.0
0 3 2 15 273.0 626.0 416.0 590.0
0 3 2 16 313.0 689.0 472.0 640.0
0 3 2 17 359.0 727.0 536.0 711.0
0 3 2 18 400.0 799.0 596.0 765.0
0 3 2 19 440.0 849.0 657.0 828.0
0 3 2 20 487.0 900.0 731.0 880.0
0 3 2 21 521.0 959.0 -1  -1 
0 3 2 22 569.0 1015.0 -1  -1 
0 3 2 23 619.0 1069.0 -1  -1 
0 3 2 24 647.0 1095.0 -1  -1 
0 3 3 1 2.0 24.0 -1  -1 
0 3 3 2 5.0 49.0 -1  -1 
0 3 3 3 9.0 65.0 24.0 54.0
0 3 3 4 15.0 84.0 38.0 82.0
0 3 3 5 23.0 117.0 58.0 117.0
0 3 3 6 32.0 152.0 81.0 152.0
0 3 3 7 44.0 191.0 113.0 191.0
0 3 3 8 64.0 236.0 136.0 230.0
0 3 3 9 76.0 343.0 175.0 278.0
0 3 3 10 100.0 342.0 215.0 321.0
0 3 3 11 117.0 399.0 243.0 374.0
0 3 3 12 144.0 426.0 297.0 417.0
0 3 3 13 168.0 516.0 341.0 497.0
0 3 3 14 193.0 576.0 385.0 533.0
0 3 3 15 238.0 633.0 434.0 592.0
0 3 3 16 267.0 669.0 493.0 648.0
0 3 3 17 297.0 741.0 539.0 711.0
0 3 3 18 333.0 804.0 597.0 773.0
0 3 3 19 374.0 843.0 659.0 835.0
0 3 3 20 474.0 903.0 -1  -1 
0 3 3 21 539.0 954.0 -1  -1 
0 3 3 22 577.0 1009.0 -1  -1 
0 3 3 23 612.0 1069.0 -1  -1 
0 3 3 24 669.0 1102.0 -1  -1 
0 3 3 25 762.0 1070.0 -1  -1 
0 3 4 1 2.0 23.0 -1  -1 
0 3 4 2 5.0 46.0 -1  -1 
0 3 4 3 9.0 69.0 25.0 54.0
0 3 4 4 14.0 87.0 39.0 87.0
0 3 4 5 19.0 117.0 59.0 117.0
0 3 4 6 29.0 156.0 82.0 152.0
0 3 4 7 47.0 191.0 107.0 191.0
0 3 4 8 56.0 245.0 137.0 236.0
0 3 4 9 72.0 322.0 163.0 278.0
0 3 4 10 89.0 357.0 207.0 321.0
0 3 4 11 97.0 409.0 246.0 375.0
0 3 4 12 106.0 438.0 291.0 422.0
0 3 4 13 132.0 520.0 326.0 481.0
0 3 4 14 156.0 604.0 373.0 536.0
0 3 4 15 174.0 640.0 418.0 593.0
0 3 4 16 203.0 702.0 479.0 646.0
0 3 4 17 232.0 744.0 539.0 709.0
0 3 4 18 287.0 798.0 598.0 764.0
0 3 4 19 344.0 856.0 649.0 831.0
0 3 4 20 492.0 897.0 716.0 889.0
0 3 4 21 553.0 953.0 -1  -1 
0 3 4 22 590.0 1011.0 -1  -1 
0 3 4 23 627.0 1073.0 -1  -1 
0 3 4 24 657.0 1110.0 -1  -1 
0 3 4 25 711.0 1061.0 -1  -1 
0 4 1 1 2.0 23.0 -1  -1 
0 4 1 2 4.0 43.0 -1  -1 
0 4 1 3 8.0 56.0 22.0 54.0
0 4 1 4 13.0 86.0 33.0 86.0
0 4 1 5 18.0 119.0 53.0 116.0
0 4 1 6 25.0 156.0 74.0 153.0
0 4 1 7 32.0 194.0 93.0 191.0
0 4 1 8 44.0 235.0 121.0 233.0
0 4 1 9 66.0 302.0 155.0 279.0
0 4 1 10 84.0 341.0 197.0 323.0
0 4 1 11 103.0 392.0 239.0 384.0
0 4 1 12 136.0 445.0 274.0 423.0
0 4 1 13 153.0 508.0 324.0 483.0
0 4 1 14 177.0 585.0 371.0 529.0
0 4 1 15 199.0 622.0 423.0 584.0
0 4 1 16 221.0 685.0 481.0 641.0
0 4 1 17 238.0 721.0 539.0 699.0
0 4 1 18 287.0 791.0 590.0 762.0
0 4 1 19 338.0 835.0 666.0 822.0
0 4 1 20 529.0 891.0 731.0 879.0
0 4 1 21 576.0 950.0 -1  -1 
0 4 1 22 631.0 1011.0 -1  -1 
0 4 1 23 680.0 1068.0 -1  -1 
0 4 1 24 732.0 1081.0 -1  -1 
0 4 2 1 1.0 26.0 -1  -1 
0 4 2 2 4.0 45.0 -1  -1 
0 4 2 3 12.0 78.0 23.0 54.0
0 4 2 4 19.0 84.0 35.0 84.0
0 4 2 5 26.0 117.0 57.0 117.0
0 4 2 6 32.0 156.0 82.0 153.0
0 4 2 7 44.0 195.0 112.0 192.0
0 4 2 8 57.0 233.0 139.0 233.0
0 4 2 9 72.0 332.0 177.0 280.0
0 4 2 10 102.0 361.0 208.0 326.0
0 4 2 11 115.0 433.0 249.0 372.0
0 4 2 12 137.0 522.0 296.0 422.0
0 4 2 13 151.0 505.0 331.0 497.0
0 4 2 14 179.0 600.0 377.0 533.0
0 4 2 15 211.0 650.0 420.0 603.0
0 4 2 16 225.0 714.0 469.0 658.0
0 4 2 17 268.0 742.0 519.0 708.0
0 4 2 18 305.0 800.0 589.0 773.0
0 4 2 19 386.0 834.0 638.0 834.0
0 4 2 20 485.0 897.0 696.0 891.0
0 4 2 21 546.0 961.0 -1  -1 
0 4 2 22 629.0 1021.0 -1  -1 
0 4 2 23 674.0 1070.0 -1  -1 
0 4 2 24 717.0 1101.0 -1  -1 
0 4 3 1 1.0 25.0 -1  -1 
0 4 3 2 5.0 47.0 -1  -1 
0 4 3 3 10.0 56.0 22.0 56.0
0 4 3 4 18.0 87.0 32.0 85.0
0 4 3 5 27.0 117.0 56.0 117.0
0 4 3 6 37.0 150.0 79.0 150.0
0 4 3 7 56.0 193.0 103.0 192.0
0 4 3 8 79.0 265.0 131.0 233.0
0 4 3 9 94.0 333.0 178.0 280.0
0 4 3 10 126.0 374.0 203.0 324.0
0 4 3 11 153.0 417.0 244.0 385.0
0 4 3 12 177.0 534.0 288.0 434.0
0 4 3 13 209.0 505.0 328.0 478.0
0 4 3 14 231.0 615.0 376.0 539.0
0 4 3 15 273.0 670.0 435.0 594.0
0 4 3 16 311.0 697.0 480.0 652.0
0 4 3 17 334.0 748.0 544.0 708.0
0 4 3 18 388.0 807.0 597.0 763.0
0 4 3 19 421.0 854.0 650.0 837.0
0 4 3 20 528.0 910.0 697.0 895.0
0 4 3 21 561.0 958.0 -1  -1 
0 4 3 22 607.0 1019.0 -1  -1 
0 4 3 23 651.0 1079.0 -1  -1 
0 4 3 24 700.0 1107.0 -1  -1 
0 4 3 25 771.0 1034.0 -1  -1 
1 1 1 1 1.0 26.0 -1  -1 
1 1 1 2 4.0 51.0 -1  -1 
1 1 1 3 8.0 55.0 24.0 55.0
1 1 1 4 13.0 85.0 36.0 84.0
1 1 1 5 21.0 118.0 54.0 117.0
1 1 1 6 27.0 152.0 78.0 152.0
1 1 1 7 37.0 192.0 101.0 191.0
1 1 1 8 50.0 236.0 122.0 236.0
1 1 1 9 63.0 292.0 158.0 279.0
1 1 1 10 83.0 325.0 193.0 324.0
1 1 1 11 102.0 371.0 224.0 371.0
1 1 1 12 125.0 432.0 261.0 419.0
1 1 1 13 154.0 493.0 318.0 493.0
1 1 1 14 172.0 566.0 355.0 534.0
1 1 1 15 202.0 603.0 410.0 597.0
1 1 1 16 248.0 660.0 456.0 640.0
1 1 1 17 254.0 699.0 501.0 697.0
1 1 1 18 308.0 768.0 544.0 759.0
1 1 1 19 379.0 826.0 597.0 818.0
1 1 1 20 528.0 881.0 659.0 880.0
1 1 1 21 555.0 945.0 -1  -1 
1 1 1 22 607.0 1004.0 -1  -1 
1 1 1 23 704.0 1043.0 -1  -1 
1 1 1 24 774.0 1021.0 -1  -1 
1 1 2 1 2.0 25.0 -1  -1 
1 1 2 2 4.0 45.0 -1  -1 
1 1 2 3 8.0 72.0 23.0 55.0
1 1 2 4 14.0 81.0 36.0 81.0
1 1 2 5 22.0 117.0 53.0 117.0
1 1 2 6 31.0 152.0 76.0 152.0
1 1 2 7 43.0 191.0 100.0 191.0
1 1 2 8 54.0 238.0 128.0 238.0
1 1 2 9 70.0 316.0 159.0 276.0
1 1 2 10 91.0 338.0 194.0 322.0
1 1 2 11 105.0 402.0 226.0 375.0
1 1 2 12 134.0 438.0 272.0 418.0
1 1 2 13 149.0 494.0 316.0 476.0
1 1 2 14 178.0 574.0 355.0 529.0
1 1 2 15 205.0 624.0 409.0 581.0
1 1 2 16 238.0 661.0 460.0 635.0
1 1 2 17 243.0 719.0 513.0 701.0
1 1 2 18 283.0 776.0 577.0 756.0
1 1 2 19 4.0 829.0 4.0 818.0
1 1 2 20 507.0 898.0 687.0 898.0
1 1 2 21 565.0 946.0 756.0 939.0
1 1 2 22 619.0 1006.0 -1  -1 
1 1 2 23 663.0 1063.0 -1  -1 
1 1 2 24 721.0 1053.0 -1  -1 
1 1 3 1 2.0 24.0 -1  -1 
1 1 3 2 4.0 45.0 -1  -1 
1 1 3 3 9.0 56.0 20.0 53.0
1 1 3 4 14.0 87.0 33.0 82.0
1 1 3 5 20.0 117.0 54.0 117.0
1 1 3 6 27.0 156.0 80.0 151.0
1 1 3 7 42.0 190.0 108.0 190.0
1 1 3 8 71.0 236.0 132.0 232.0
1 1 3 9 85.0 322.0 162.0 274.0
1 1 3 10 96.0 346.0 198.0 324.0
1 1 3 11 113.0 388.0 240.0 373.0
1 1 3 12 136.0 426.0 284.0 418.0
1 1 3 13 166.0 509.0 346.0 467.0
1 1 3 14 194.0 571.0 392.0 523.0
1 1 3 15 201.0 610.0 438.0 570.0
1 1 3 16 242.0 681.0 487.0 644.0
1 1 3 17 276.0 723.0 523.0 697.0
1 1 3 18 310.0 780.0 604.0 758.0
1 1 3 19 386.0 833.0 -1  -1 
1 1 3 20 533.0 896.0 -1  -1 
1 1 3 21 577.0 957.0 -1  -1 
1 1 3 22 633.0 1006.0 -1  -1 
1 1 3 23 677.0 1061.0 -1  -1 
1 1 3 24 715.0 1068.0 -1  -1 
1 1 4 1 2.0 24.0 -1  -1 
1 1 4 2 5.0 49.0 -1  -1 
1 1 4 3 9.0 77.0 25.0 55.0
1 1 4 4 14.0 98.0 39.0 83.0
1 1 4 5 21.0 136.0 59.0 117.0
1 1 4 6 28.0 175.0 81.0 152.0
1 1 4 7 42.0 201.0 107.0 191.0
1 1 4 8 58.0 253.0 133.0 237.0
1 1 4 9 77.0 312.0 165.0 284.0
1 1 4 10 92.0 354.0 210.0 328.0
1 1 4 11 111.0 400.0 242.0 383.0
1 1 4 12 133.0 437.0 283.0 425.0
1 1 4 13 156.0 513.0 339.0 485.0
1 1 4 14 190.0 566.0 392.0 534.0
1 1 4 15 225.0 630.0 436.0 589.0
1 1 4 16 250.0 686.0 489.0 654.0
1 1 4 17 0.0 736.0 0.0 716.0
1 1 4 18 331.0 784.0 604.0 762.0
1 1 4 19 416.0 841.0 638.0 818.0
1 1 4 20 527.0 912.0 697.0 884.0
1 1 4 21 557.0 981.0 -1  -1 
1 1 4 22 615.0 1005.0 -1  -1 
1 1 4 23 687.0 1050.0 -1  -1 
1 1 4 24 874.0 980.0 -1  -1 
1 2 1 1 1.0 25.0 -1  -1 
1 2 1 2 4.0 46.0 -1  -1 
1 2 1 3 8.0 56.0 25.0 56.0
1 2 1 4 14.0 86.0 35.0 86.0
1 2 1 5 21.0 118.0 51.0 118.0
1 2 1 6 29.0 154.0 71.0 154.0
1 2 1 7 41.0 193.0 99.0 193.0
1 2 1 8 62.0 238.0 130.0 238.0
1 2 1 9 72.0 339.0 155.0 282.0
1 2 1 10 91.0 356.0 189.0 327.0
1 2 1 11 112.0 412.0 222.0 379.0
1 2 1 12 129.0 439.0 270.0 425.0
1 2 1 13 165.0 538.0 303.0 487.0
1 2 1 14 202.0 609.0 350.0 532.0
1 2 1 15 246.0 643.0 385.0 593.0
1 2 1 16 284.0 684.0 458.0 648.0
1 2 1 17 331.0 750.0 519.0 711.0
1 2 1 18 379.0 790.0 575.0 775.0
1 2 1 19 421.0 846.0 605.0 830.0
1 2 1 20 519.0 900.0 658.0 892.0
1 2 1 21 564.0 956.0 726.0 925.0
1 2 1 22 617.0 1012.0 788.0 978.0
1 2 1 23 650.0 1063.0 -1  -1 
1 2 1 24 690.0 1105.0 -1  -1 
1 2 1 25 821.0 942.0 -1  -1 
1 2 2 1 2.0 25.0 -1  -1 
1 2 2 2 5.0 50.0 -1  -1 
1 2 2 3 9.0 72.0 23.0 56.0
1 2 2 4 15.0 85.0 34.0 85.0
1 2 2 5 21.0 118.0 52.0 118.0
1 2 2 6 28.0 157.0 73.0 157.0
1 2 2 7 38.0 194.0 99.0 193.0
1 2 2 8 51.0 237.0 123.0 237.0
1 2 2 9 64.0 351.0 169.0 282.0
1 2 2 10 99.0 371.0 207.0 328.0
1 2 2 11 120.0 410.0 236.0 376.0
1 2 2 12 147.0 455.0 264.0 428.0
1 2 2 13 181.0 538.0 327.0 480.0
1 2 2 14 199.0 614.0 382.0 531.0
1 2 2 15 238.0 643.0 421.0 605.0
1 2 2 16 269.0 695.0 471.0 657.0
1 2 2 17 35.0 760.0 534.0 712.0
1 2 2 18 359.0 809.0 596.0 771.0
1 2 2 19 397.0 850.0 652.0 830.0
1 2 2 20 486.0 907.0 711.0 873.0
1 2 2 21 516.0 959.0 -1  -1 
1 2 2 22 605.0 1012.0 -1  -1 
1 2 2 23 645.0 1067.0 -1  -1 
1 2 2 24 689.0 1117.0 -1  -1 
1 2 2 25 761.0 1122.0 -1  -1 
1 2 3 1 2.0 26.0 -1  -1 
1 2 3 2 4.0 48.0 -1  -1 
1 2 3 3 9.0 57.0 20.0 55.0
1 2 3 4 15.0 85.0 33.0 85.0
1 2 3 5 21.0 117.0 57.0 117.0
1 2 3 6 29.0 154.0 78.0 154.0
1 2 3 7 40.0 194.0 106.0 194.0
1 2 3 8 49.0 240.0 124.0 240.0
1 2 3 9 70.0 335.0 188.0 282.0
1 2 3 10 100.0 364.0 226.0 329.0
1 2 3 11 124.0 408.0 252.0 387.0
1 2 3 12 161.0 447.0 298.0 428.0
1 2 3 13 177.0 538.0 341.0 490.0
1 2 3 14 218.0 616.0 388.0 545.0
1 2 3 15 257.0 648.0 433.0 604.0
1 2 3 16 291.0 696.0 487.0 662.0
1 2 3 17 323.0 765.0 550.0 722.0
1 2 3 18 371.0 807.0 627.0 773.0
1 2 3 19 414.0 855.0 664.0 837.0
1 2 3 20 522.0 901.0 -1  -1 
1 2 3 21 553.0 960.0 -1  -1 
1 2 3 22 627.0 1014.0 -1  -1 
1 2 3 23 662.0 1071.0 -1  -1 
1 2 3 24 708.0 1116.0 -1  -1 
1 2 3 25 772.0 1129.0 -1  -1 
1 2 4 1 1.0 25.0 -1  -1 
1 2 4 2 3.0 46.0 -1  -1 
1 2 4 3 8.0 66.0 22.0 54.0
1 2 4 4 14.0 87.0 35.0 86.0
1 2 4 5 22.0 117.0 49.0 117.0
1 2 4 6 30.0 155.0 77.0 152.0
1 2 4 7 40.0 195.0 94.0 192.0
1 2 4 8 56.0 235.0 117.0 235.0
1 2 4 9 72.0 359.0 151.0 280.0
1 2 4 10 104.0 359.0 178.0 327.0
1 2 4 11 108.0 399.0 228.0 383.0
1 2 4 12 136.0 446.0 262.0 423.0
1 2 4 13 169.0 530.0 310.0 477.0
1 2 4 14 226.0 597.0 352.0 533.0
1 2 4 15 256.0 640.0 397.0 586.0
1 2 4 16 286.0 694.0 443.0 663.0
1 2 4 17 333.0 752.0 514.0 708.0
1 2 4 18 375.0 796.0 589.0 770.0
1 2 4 19 415.0 847.0 634.0 825.0
1 2 4 20 495.0 902.0 713.0 886.0
1 2 4 21 530.0 956.0 -1  -1 
1 2 4 22 572.0 1011.0 -1  -1 
1 2 4 23 614.0 1066.0 -1  -1 
1 2 4 24 645.0 1088.0 -1  -1 
1 2 4 25 729.0 1074.0 -1  -1 
1 3 1 1 1.0 24.0 -1  -1 
1 3 1 2 5.0 40.0 -1  -1 
1 3 1 3 9.0 56.0 23.0 56.0
1 3 1 4 18.0 85.0 35.0 85.0
1 3 1 5 26.0 120.0 52.0 118.0
1 3 1 6 36.0 154.0 79.0 154.0
1 3 1 7 50.0 192.0 101.0 192.0
1 3 1 8 63.0 236.0 138.0 235.0
1 3 1 9 83.0 287.0 164.0 280.0
1 3 1 10 103.0 369.0 194.0 326.0
1 3 1 11 118.0 399.0 234.0 379.0
1 3 1 12 147.0 441.0 281.0 422.0
1 3 1 13 171.0 520.0 317.0 476.0
1 3 1 14 199.0 575.0 371.0 528.0
1 3 1 15 249.0 638.0 397.0 591.0
1 3 1 16 277.0 689.0 449.0 643.0
1 3 1 17 299.0 746.0 501.0 732.0
1 3 1 18 364.0 810.0 563.0 773.0
1 3 1 19 401.0 842.0 608.0 831.0
1 3 1 20 474.0 912.0 686.0 912.0
1 3 1 21 518.0 959.0 742.0 949.0
1 3 1 22 573.0 1019.0 817.0 1006.0
1 3 1 23 621.0 1073.0 -1  -1 
1 3 1 24 667.0 1079.0 -1  -1 
1 3 2 1 1.0 26.0 -1  -1 
1 3 2 2 5.0 43.0 -1  -1 
1 3 2 3 11.0 56.0 23.0 56.0
1 3 2 4 18.0 85.0 38.0 85.0
1 3 2 5 25.0 117.0 59.0 117.0
1 3 2 6 35.0 156.0 83.0 156.0
1 3 2 7 46.0 192.0 107.0 192.0
1 3 2 8 63.0 238.0 142.0 238.0
1 3 2 9 81.0 299.0 173.0 278.0
1 3 2 10 101.0 362.0 210.0 325.0
1 3 2 11 124.0 414.0 247.0 375.0
1 3 2 12 148.0 450.0 292.0 428.0
1 3 2 13 189.0 534.0 340.0 485.0
1 3 2 14 219.0 595.0 390.0 533.0
1 3 2 15 253.0 635.0 432.0 598.0
1 3 2 16 274.0 684.0 475.0 654.0
1 3 2 17 323.0 749.0 534.0 718.0
1 3 2 18 367.0 805.0 584.0 774.0
1 3 2 19 406.0 856.0 625.0 835.0
1 3 2 20 443.0 904.0 710.0 904.0
1 3 2 21 482.0 956.0 -1  -1 
1 3 2 22 536.0 1013.0 -1  -1 
1 3 2 23 590.0 1068.0 -1  -1 
1 3 2 24 657.0 1108.0 -1  -1 
1 3 2 25 737.0 1042.0 -1  -1 
1 3 3 1 1.0 25.0 -1  -1 
1 3 3 2 5.0 34.0 -1  -1 
1 3 3 3 10.0 55.0 23.0 54.0
1 3 3 4 17.0 86.0 39.0 84.0
1 3 3 5 26.0 115.0 62.0 115.0
1 3 3 6 35.0 172.0 80.0 171.0
1 3 3 7 50.0 190.0 113.0 190.0
1 3 3 8 62.0 231.0 136.0 231.0
1 3 3 9 86.0 315.0 168.0 278.0
1 3 3 10 102.0 326.0 206.0 326.0
1 3 3 11 123.0 407.0 244.0 369.0
1 3 3 12 157.0 447.0 289.0 416.0
1 3 3 13 176.0 529.0 333.0 472.0
1 3 3 14 207.0 576.0 381.0 523.0
1 3 3 15 245.0 638.0 415.0 592.0
1 3 3 16 283.0 685.0 469.0 642.0
1 3 3 17 323.0 726.0 522.0 702.0
1 3 3 18 353.0 780.0 578.0 761.0
1 3 3 19 402.0 825.0 630.0 815.0
1 3 3 20 448.0 886.0 715.0 869.0
1 3 3 21 479.0 940.0 -1  -1 
1 3 3 22 545.0 994.0 -1  -1 
1 3 3 23 612.0 1047.0 -1  -1 
1 3 3 24 645.0 1070.0 -1  -1 
1 3 3 25 734.0 1002.0 -1  -1 
1 4 1 1 3.0 24.0 -1  -1 
1 4 1 2 5.0 33.0 -1  -1 
1 4 1 3 8.0 66.0 22.0 54.0
1 4 1 4 14.0 86.0 34.0 86.0
1 4 1 5 19.0 119.0 55.0 119.0
1 4 1 6 27.0 157.0 79.0 156.0
1 4 1 7 36.0 195.0 106.0 195.0
1 4 1 8 54.0 237.0 143.0 237.0
1 4 1 9 66.0 281.0 178.0 281.0
1 4 1 10 91.0 332.0 208.0 332.0
1 4 1 11 119.0 389.0 247.0 378.0
1 4 1 12 143.0 462.0 285.0 426.0
1 4 1 13 169.0 494.0 340.0 483.0
1 4 1 14 195.0 588.0 395.0 533.0
1 4 1 15 224.0 669.0 432.0 591.0
1 4 1 16 261.0 682.0 479.0 652.0
1 4 1 17 288.0 720.0 544.0 714.0
1 4 1 18 304.0 783.0 606.0 774.0
1 4 1 19 413.0 844.0 652.0 840.0
1 4 1 20 492.0 912.0 707.0 890.0
1 4 1 21 511.0 965.0 -1  -1 
1 4 1 22 570.0 1019.0 -1  -1 
1 4 1 23 660.0 1071.0 -1  -1 
1 4 1 24 972.0 1054.0 -1  -1 
1 4 2 1 3.0 25.0 -1  -1 
1 4 2 2 5.0 38.0 -1  -1 
1 4 2 3 8.0 58.0 21.0 54.0
1 4 2 4 14.0 87.0 32.0 87.0
1 4 2 5 23.0 118.0 54.0 118.0
1 4 2 6 29.0 155.0 77.0 155.0
1 4 2 7 40.0 196.0 101.0 195.0
1 4 2 8 52.0 240.0 137.0 240.0
1 4 2 9 69.0 288.0 169.0 288.0
1 4 2 10 96.0 332.0 213.0 332.0
1 4 2 11 129.0 384.0 229.0 384.0
1 4 2 12 141.0 447.0 274.0 429.0
1 4 2 13 175.0 504.0 332.0 484.0
1 4 2 14 210.0 588.0 363.0 536.0
1 4 2 15 245.0 633.0 435.0 596.0
1 4 2 16 264.0 710.0 488.0 656.0
1 4 2 17 305.0 756.0 539.0 719.0
1 4 2 18 348.0 800.0 597.0 773.0
1 4 2 19 402.0 865.0 652.0 843.0
1 4 2 20 534.0 918.0 705.0 895.0
1 4 2 21 559.0 976.0 -1  -1 
1 4 2 22 601.0 1030.0 -1  -1 
1 4 2 23 668.0 1084.0 -1  -1 
1 4 2 24 716.0 1088.0 -1  -1 
1 4 4 1 3.0 27.0 -1  -1 
1 4 4 2 6.0 40.0 -1  -1 
1 4 4 3 9.0 59.0 21.0 52.0
1 4 4 4 14.0 90.0 34.0 84.0
1 4 4 5 20.0 119.0 57.0 119.0
1 4 4 6 27.0 156.0 73.0 156.0
1 4 4 7 38.0 194.0 100.0 194.0
1 4 4 8 49.0 237.0 131.0 237.0
1 4 4 9 65.0 281.0 168.0 281.0
1 4 4 10 92.0 326.0 206.0 326.0
1 4 4 11 110.0 380.0 241.0 374.0
1 4 4 12 138.0 428.0 277.0 428.0
1 4 4 13 170.0 510.0 323.0 485.0
1 4 4 14 196.0 534.0 370.0 532.0
1 4 4 15 229.0 599.0 421.0 592.0
1 4 4 16 249.0 696.0 475.0 648.0
1 4 4 17 298.0 715.0 536.0 709.0
1 4 4 18 341.0 786.0 587.0 770.0
1 4 4 19 431.0 840.0 643.0 827.0
1 4 4 20 455.0 902.0 718.0 895.0
1 4 4 21 487.0 962.0 -1  -1 
1 4 4 22 595.0 1014.0 -1  -1 
1 4 4 23 624.0 1048.0 -1  -1 
2 1 1 1 1.0 27.0 -1  -1 
2 1 1 2 5.0 51.0 -1  -1 
2 1 1 3 10.0 58.0 23.0 58.0
2 1 1 4 17.0 83.0 34.0 83.0
2 1 1 5 26.0 118.0 56.0 118.0
2 1 1 6 33.0 158.0 85.0 158.0
2 1 1 7 48.0 195.0 105.0 194.0
2 1 1 8 64.0 239.0 137.0 235.0
2 1 1 9 83.0 327.0 181.0 284.0
2 1 1 10 127.0 385.0 224.0 328.0
2 1 1 11 150.0 427.0 252.0 392.0
2 1 1 12 170.0 513.0 294.0 431.0
2 1 1 13 204.0 511.0 350.0 500.0
2 1 1 14 243.0 610.0 388.0 546.0
2 1 1 15 274.0 657.0 444.0 598.0
2 1 1 16 319.0 711.0 492.0 664.0
2 1 1 17 347.0 764.0 539.0 720.0
2 1 1 18 389.0 814.0 604.0 777.0
2 1 1 19 429.0 863.0 660.0 843.0
2 1 1 20 477.0 913.0 731.0 890.0
2 1 1 21 574.0 969.0 -1  -1 
2 1 1 22 614.0 1028.0 -1  -1 
2 1 1 23 646.0 1089.0 -1  -1 
2 1 1 24 696.0 1121.0 -1  -1 
2 1 1 25 756.0 1075.0 -1  -1 
2 1 2 1 2.0 14.0 -1  -1 
2 1 2 2 4.0 48.0 -1  -1 
2 1 2 3 9.0 66.0 24.0 57.0
2 1 2 4 15.0 86.0 36.0 84.0
2 1 2 5 21.0 119.0 58.0 119.0
2 1 2 6 29.0 152.0 81.0 152.0
2 1 2 7 43.0 194.0 111.0 194.0
2 1 2 8 60.0 251.0 144.0 240.0
2 1 2 9 89.0 342.0 179.0 289.0
2 1 2 10 112.0 368.0 221.0 329.0
2 1 2 11 146.0 415.0 262.0 378.0
2 1 2 12 179.0 456.0 304.0 430.0
2 1 2 13 209.0 534.0 332.0 485.0
2 1 2 14 227.0 633.0 381.0 534.0
2 1 2 15 266.0 646.0 438.0 592.0
2 1 2 16 307.0 694.0 492.0 656.0
2 1 2 17 358.0 761.0 546.0 713.0
2 1 2 18 412.0 815.0 617.0 789.0
2 1 2 19 462.0 871.0 682.0 843.0
2 1 2 20 3.0 911.0 757.0 900.0
2 1 2 21 560.0 973.0 -1  -1 
2 1 2 22 613.0 1034.0 -1  -1 
2 1 2 23 673.0 1087.0 -1  -1 
2 1 2 24 719.0 1124.0 -1  -1 
2 1 2 25 778.0 1052.0 -1  -1 
2 1 3 1 2.0 23.0 -1  -1 
2 1 3 2 5.0 47.0 -1  -1 
2 1 3 3 9.0 56.0 23.0 56.0
2 1 3 4 16.0 83.0 35.0 83.0
2 1 3 5 23.0 117.0 54.0 117.0
2 1 3 6 30.0 155.0 73.0 154.0
2 1 3 7 41.0 209.0 107.0 193.0
2 1 3 8 53.0 248.0 132.0 236.0
2 1 3 9 75.0 299.0 166.0 280.0
2 1 3 10 98.0 345.0 199.0 323.0
2 1 3 11 138.0 411.0 236.0 378.0
2 1 3 12 154.0 455.0 277.0 426.0
2 1 3 13 181.0 488.0 318.0 484.0
2 1 3 14 220.0 612.0 357.0 528.0
2 1 3 15 268.0 649.0 404.0 592.0
2 1 3 16 309.0 698.0 453.0 650.0
2 1 3 17 351.0 745.0 514.0 704.0
2 1 3 18 389.0 799.0 563.0 770.0
2 1 3 19 444.0 846.0 618.0 831.0
2 1 3 20 3.0 905.0 691.0 905.0
2 1 3 21 543.0 961.0 772.0 931.0
2 1 3 22 607.0 1017.0 -1  -1 
2 1 3 23 646.0 1074.0 -1  -1 
2 1 3 24 697.0 1109.0 -1  -1 
2 1 3 25 732.0 1008.0 -1  -1 
2 1 4 1 2.0 14.0 -1  -1 
2 1 4 2 7.0 45.0 -1  -1 
2 1 4 3 14.0 70.0 -1  -1 
2 1 4 4 22.0 86.0 39.0 83.0
2 1 4 5 33.0 119.0 60.0 118.0
2 1 4 6 44.0 158.0 88.0 154.0
2 1 4 7 59.0 228.0 107.0 193.0
2 1 4 8 78.0 239.0 137.0 239.0
2 1 4 9 98.0 299.0 177.0 282.0
2 1 4 10 118.0 369.0 214.0 328.0
2 1 4 11 139.0 420.0 250.0 376.0
2 1 4 12 171.0 472.0 286.0 435.0
2 1 4 13 201.0 517.0 336.0 479.0
2 1 4 14 225.0 606.0 380.0 533.0
2 1 4 15 268.0 648.0 439.0 604.0
2 1 4 16 303.0 701.0 482.0 656.0
2 1 4 17 347.0 754.0 543.0 711.0
2 1 4 18 386.0 802.0 609.0 777.0
2 1 4 19 431.0 846.0 651.0 830.0
2 1 4 20 502.0 906.0 707.0 891.0
2 1 4 21 548.0 966.0 -1  -1 
2 1 4 22 599.0 1025.0 -1  -1 
2 1 4 23 641.0 1083.0 -1  -1 
2 1 4 24 705.0 1121.0 -1  -1 
2 1 4 25 819.0 1006.0 -1  -1 
2 2 1 1 3.0 26.0 -1  -1 
2 2 1 2 5.0 42.0 -1  -1 
2 2 1 3 9.0 57.0 25.0 54.0
2 2 1 4 15.0 86.0 39.0 85.0
2 2 1 5 22.0 120.0 56.0 119.0
2 2 1 6 29.0 158.0 82.0 158.0
2 2 1 7 40.0 197.0 106.0 194.0
2 2 1 8 51.0 239.0 136.0 239.0
2 2 1 9 73.0 350.0 165.0 279.0
2 2 1 10 106.0 348.0 198.0 332.0
2 2 1 11 129.0 400.0 241.0 384.0
2 2 1 12 158.0 445.0 273.0 425.0
2 2 1 13 190.0 514.0 305.0 482.0
2 2 1 14 225.0 591.0 359.0 534.0
2 2 1 15 259.0 630.0 404.0 605.0
2 2 1 16 290.0 697.0 455.0 658.0
2 2 1 17 320.0 755.0 519.0 711.0
2 2 1 18 364.0 808.0 557.0 770.0
2 2 1 19 432.0 857.0 626.0 834.0
2 2 1 20 506.0 919.0 699.0 900.0
2 2 1 21 549.0 963.0 -1  -1 
2 2 1 22 596.0 1026.0 -1  -1 
2 2 1 23 641.0 1086.0 -1  -1 
2 2 1 24 690.0 1117.0 -1  -1 
2 2 1 25 726.0 1097.0 -1  -1 
2 2 2 1 2.0 24.0 -1  -1 
2 2 2 2 5.0 42.0 -1  -1 
2 2 2 3 11.0 68.0 23.0 55.0
2 2 2 4 18.0 83.0 38.0 83.0
2 2 2 5 28.0 121.0 60.0 119.0
2 2 2 6 37.0 155.0 85.0 150.0
2 2 2 7 50.0 253.0 111.0 194.0
2 2 2 8 61.0 238.0 140.0 238.0
2 2 2 9 94.0 336.0 175.0 282.0
2 2 2 10 105.0 375.0 209.0 327.0
2 2 2 11 129.0 408.0 253.0 380.0
2 2 2 12 153.0 482.0 298.0 425.0
2 2 2 13 189.0 524.0 336.0 479.0
2 2 2 14 226.0 599.0 381.0 536.0
2 2 2 15 258.0 654.0 424.0 591.0
2 2 2 16 296.0 700.0 490.0 660.0
2 2 2 17 320.0 756.0 533.0 707.0
2 2 2 18 369.0 801.0 599.0 774.0
2 2 2 19 407.0 849.0 659.0 835.0
2 2 2 20 480.0 905.0 718.0 901.0
2 2 2 21 559.0 964.0 -1  -1 
2 2 2 22 635.0 1025.0 -1  -1 
2 2 2 23 694.0 1080.0 -1  -1 
2 2 2 24 743.0 1115.0 -1  -1 
2 2 2 25 765.0 1024.0 -1  -1 
2 2 3 1 1.0 25.0 -1  -1 
2 2 3 2 4.0 45.0 -1  -1 
2 2 3 3 10.0 57.0 21.0 54.0
2 2 3 4 19.0 85.0 40.0 85.0
2 2 3 5 26.0 118.0 58.0 118.0
2 2 3 6 36.0 154.0 84.0 154.0
2 2 3 7 46.0 194.0 106.0 193.0
2 2 3 8 64.0 235.0 138.0 235.0
2 2 3 9 76.0 328.0 163.0 283.0
2 2 3 10 104.0 368.0 207.0 328.0
2 2 3 11 140.0 414.0 232.0 378.0
2 2 3 12 169.0 458.0 277.0 445.0
2 2 3 13 205.0 516.0 321.0 486.0
2 2 3 14 238.0 604.0 369.0 552.0
2 2 3 15 262.0 732.0 418.0 601.0
2 2 3 16 302.0 677.0 473.0 647.0
2 2 3 17 334.0 731.0 530.0 708.0
2 2 3 18 365.0 789.0 589.0 768.0
2 2 3 19 403.0 842.0 643.0 832.0
2 2 3 20 449.0 902.0 704.0 902.0
2 2 3 21 479.0 960.0 -1  -1 
2 2 3 22 541.0 1025.0 -1  -1 
2 2 3 23 579.0 1082.0 -1  -1 
2 2 3 24 652.0 1067.0 -1  -1 
2 2 3 25 682.0 971.0 -1  -1 
2 3 1 1 3.0 26.0 -1  -1 
2 3 1 2 5.0 36.0 -1  -1 
2 3 1 3 9.0 56.0 23.0 54.0
2 3 1 4 16.0 86.0 37.0 83.0
2 3 1 5 26.0 134.0 60.0 118.0
2 3 1 6 32.0 158.0 79.0 158.0
2 3 1 7 39.0 197.0 104.0 193.0
2 3 1 8 56.0 239.0 137.0 239.0
2 3 1 9 92.0 292.0 172.0 283.0
2 3 1 10 120.0 375.0 206.0 327.0
2 3 1 11 150.0 374.0 247.0 374.0
2 3 1 12 170.0 444.0 288.0 424.0
2 3 1 13 212.0 504.0 337.0 487.0
2 3 1 14 235.0 576.0 389.0 528.0
2 3 1 15 271.0 616.0 426.0 596.0
2 3 1 16 330.0 663.0 468.0 659.0
2 3 1 17 382.0 734.0 528.0 714.0
2 3 1 18 431.0 790.0 591.0 765.0
2 3 1 19 475.0 841.0 656.0 832.0
2 3 1 20 518.0 902.0 715.0 887.0
2 3 1 21 563.0 961.0 -1  -1 
2 3 1 22 607.0 1018.0 -1  -1 
2 3 1 23 661.0 1072.0 -1  -1 
2 3 1 24 694.0 1060.0 -1  -1 
2 3 1 25 951.0 953.0 -1  -1 
2 3 2 1 2.0 15.0 -1  -1 
2 3 2 2 5.0 48.0 -1  -1 
2 3 2 3 8.0 56.0 22.0 55.0
2 3 2 4 14.0 88.0 35.0 85.0
2 3 2 5 21.0 121.0 49.0 118.0
2 3 2 6 27.0 158.0 80.0 154.0
2 3 2 7 41.0 193.0 99.0 193.0
2 3 2 8 49.0 234.0 128.0 234.0
2 3 2 9 65.0 281.0 163.0 279.0
2 3 2 10 97.0 353.0 202.0 326.0
2 3 2 11 119.0 395.0 232.0 374.0
2 3 2 12 145.0 433.0 283.0 426.0
2 3 2 13 172.0 496.0 317.0 479.0
2 3 2 14 209.0 563.0 380.0 533.0
2 3 2 15 239.0 606.0 421.0 606.0
2 3 2 16 274.0 690.0 485.0 642.0
2 3 2 17 337.0 745.0 514.0 702.0
2 3 2 18 374.0 781.0 580.0 766.0
2 3 2 19 422.0 843.0 625.0 826.0
2 3 2 20 468.0 902.0 692.0 887.0
2 3 2 21 510.0 957.0 -1  -1 
2 3 2 22 580.0 1015.0 -1  -1 
2 3 2 23 607.0 1066.0 -1  -1 
2 3 2 24 640.0 1074.0 -1  -1 
2 3 3 1 3.0 26.0 -1  -1 
2 3 3 2 5.0 44.0 -1  -1 
2 3 3 3 10.0 56.0 26.0 44.0
2 3 3 4 16.0 85.0 39.0 85.0
2 3 3 5 23.0 118.0 60.0 118.0
2 3 3 6 31.0 154.0 82.0 153.0
2 3 3 7 39.0 192.0 114.0 192.0
2 3 3 8 54.0 233.0 142.0 233.0
2 3 3 9 72.0 289.0 181.0 282.0
2 3 3 10 100.0 328.0 225.0 327.0
2 3 3 11 135.0 386.0 271.0 379.0
2 3 3 12 163.0 437.0 307.0 421.0
2 3 3 13 205.0 475.0 360.0 475.0
2 3 3 14 237.0 580.0 406.0 532.0
2 3 3 15 268.0 607.0 465.0 592.0
2 3 3 16 285.0 676.0 515.0 641.0
2 3 3 17 327.0 716.0 580.0 700.0
2 3 3 18 370.0 766.0 637.0 759.0
2 3 3 19 412.0 839.0 -1  -1 
2 3 3 20 480.0 905.0 -1  -1 
2 3 3 21 579.0 950.0 -1  -1 
2 3 3 22 660.0 1008.0 -1  -1 
2 3 3 23 726.0 1032.0 -1  -1 
2 3 4 1 3.0 29.0 -1  -1 
2 3 4 2 5.0 40.0 -1  -1 
2 3 4 3 9.0 60.0 21.0 45.0
2 3 4 4 14.0 85.0 36.0 85.0
2 3 4 5 21.0 119.0 56.0 118.0
2 3 4 6 30.0 158.0 82.0 154.0
2 3 4 7 40.0 195.0 107.0 194.0
2 3 4 8 54.0 234.0 137.0 234.0
2 3 4 9 76.0 280.0 175.0 278.0
2 3 4 10 104.0 328.0 212.0 328.0
2 3 4 11 129.0 378.0 248.0 374.0
2 3 4 12 155.0 425.0 295.0 423.0
2 3 4 13 195.0 480.0 343.0 478.0
2 3 4 14 233.0 573.0 381.0 526.0
2 3 4 15 272.0 587.0 460.0 586.0
2 3 4 16 323.0 664.0 518.0 644.0
2 3 4 17 373.0 711.0 565.0 707.0
2 3 4 18 427.0 770.0 626.0 762.0
2 3 4 19 492.0 831.0 683.0 825.0
2 3 4 20 540.0 907.0 744.0 891.0
2 3 4 21 598.0 951.0 -1  -1 
2 3 4 22 660.0 1012.0 -1  -1 
2 3 4 23 710.0 1063.0 -1  -1 
2 4 1 1 2.0 26.0 -1  -1 
2 4 1 2 4.0 47.0 -1  -1 
2 4 1 3 8.0 62.0 23.0 54.0
2 4 1 4 15.0 84.0 38.0 84.0
2 4 1 5 22.0 117.0 55.0 116.0
2 4 1 6 30.0 155.0 75.0 151.0
2 4 1 7 41.0 190.0 102.0 190.0
2 4 1 8 51.0 263.0 134.0 231.0
2 4 1 9 78.0 318.0 179.0 277.0
2 4 1 10 103.0 346.0 213.0 323.0
2 4 1 11 127.0 397.0 247.0 369.0
2 4 1 12 160.0 420.0 284.0 419.0
2 4 1 13 190.0 525.0 340.0 472.0
2 4 1 14 230.0 575.0 388.0 522.0
2 4 1 15 261.0 621.0 439.0 596.0
2 4 1 16 305.0 664.0 482.0 636.0
2 4 1 17 352.0 727.0 546.0 705.0
2 4 1 18 401.0 797.0 611.0 769.0
2 4 1 19 458.0 822.0 663.0 815.0
2 4 1 20 3.0 885.0 3.0 870.0
2 4 1 21 572.0 940.0 -1  -1 
2 4 1 22 648.0 1001.0 -1  -1 
2 4 1 23 698.0 1057.0 -1  -1 
2 4 1 24 769.0 1031.0 -1  -1 
2 4 3 1 1.0 15.0 -1  -1 
2 4 3 2 4.0 45.0 -1  -1 
2 4 3 3 8.0 59.0 22.0 45.0
2 4 3 4 15.0 84.0 33.0 82.0
2 4 3 5 21.0 116.0 51.0 116.0
2 4 3 6 30.0 150.0 72.0 150.0
2 4 3 7 42.0 192.0 92.0 191.0
2 4 3 8 56.0 232.0 119.0 232.0
2 4 3 9 82.0 273.0 153.0 273.0
2 4 3 10 107.0 318.0 183.0 316.0
2 4 3 11 140.0 369.0 225.0 365.0
2 4 3 12 167.0 421.0 269.0 415.0
2 4 3 13 201.0 470.0 314.0 470.0
2 4 3 14 230.0 541.0 355.0 516.0
2 4 3 15 267.0 600.0 401.0 588.0
2 4 3 16 314.0 648.0 450.0 634.0
2 4 3 17 362.0 708.0 500.0 691.0
2 4 3 18 388.0 759.0 557.0 749.0
2 4 3 19 449.0 816.0 628.0 810.0
2 4 3 20 501.0 877.0 712.0 864.0
2 4 3 21 547.0 938.0 -1  -1 
2 4 3 22 598.0 1001.0 -1  -1 
2 4 3 23 658.0 1036.0 -1  -1 
2 4 3 24 667.0 999.0 -1  -1 
2 4 4 1 2.0 16.0 -1  -1 
2 4 4 2 4.0 48.0 -1  -1 
2 4 4 3 10.0 62.0 25.0 47.0
2 4 4 4 16.0 84.0 41.0 84.0
2 4 4 5 25.0 115.0 60.0 115.0
2 4 4 6 34.0 153.0 80.0 149.0
2 4 4 7 49.0 194.0 106.0 189.0
2 4 4 8 66.0 234.0 138.0 234.0
2 4 4 9 93.0 278.0 181.0 278.0
2 4 4 10 117.0 338.0 222.0 323.0
2 4 4 11 147.0 374.0 265.0 374.0
2 4 4 12 172.0 432.0 302.0 416.0
2 4 4 13 206.0 500.0 347.0 472.0
2 4 4 14 238.0 540.0 391.0 528.0
2 4 4 15 270.0 594.0 442.0 575.0
2 4 4 16 334.0 643.0 488.0 635.0
2 4 4 17 380.0 709.0 558.0 695.0
2 4 4 18 418.0 772.0 -1  -1 
2 4 4 19 474.0 824.0 -1  -1 
2 4 4 20 529.0 883.0 -1  -1 
2 4 4 21 566.0 941.0 -1  -1 
2 4 4 22 670.0 1004.0 -1  -1 
2 4 4 23 710.0 1034.0 -1  -1 
2 4 4 24 791.0 1015.0 -1  -1 
3 1 1 1 1.0 18.0 -1  -1 
3 1 1 2 4.0 43.0 -1  -1 
3 1 1 3 9.0 58.0 24.0 47.0
3 1 1 4 16.0 87.0 38.0 87.0
3 1 1 5 24.0 117.0 54.0 117.0
3 1 1 6 32.0 157.0 72.0 153.0
3 1 1 7 44.0 193.0 99.0 192.0
3 1 1 8 58.0 239.0 130.0 239.0
3 1 1 9 79.0 279.0 164.0 279.0
3 1 1 10 111.0 342.0 204.0 327.0
3 1 1 11 130.0 407.0 237.0 380.0
3 1 1 12 161.0 461.0 277.0 427.0
3 1 1 13 189.0 512.0 326.0 479.0
3 1 1 14 225.0 579.0 374.0 530.0
3 1 1 15 256.0 630.0 419.0 594.0
3 1 1 16 291.0 721.0 468.0 652.0
3 1 1 17 343.0 725.0 541.0 719.0
3 1 1 18 371.0 793.0 601.0 778.0
3 1 1 19 399.0 850.0 662.0 832.0
3 1 1 20 448.0 897.0 727.0 897.0
3 1 1 21 505.0 955.0 -1  -1 
3 1 1 22 587.0 1010.0 -1  -1 
3 1 1 23 668.0 1066.0 -1  -1 
3 1 1 24 741.0 1102.0 -1  -1 
3 1 1 25 808.0 1027.0 -1  -1 
3 1 2 1 2.0 19.0 -1  -1 
3 1 2 2 5.0 39.0 -1  -1 
3 1 2 3 11.0 57.0 22.0 45.0
3 1 2 4 17.0 85.0 38.0 84.0
3 1 2 5 24.0 118.0 59.0 118.0
3 1 2 6 33.0 154.0 83.0 153.0
3 1 2 7 44.0 193.0 108.0 193.0
3 1 2 8 62.0 236.0 136.0 234.0
3 1 2 9 90.0 312.0 178.0 279.0
3 1 2 10 104.0 350.0 227.0 328.0
3 1 2 11 134.0 378.0 272.0 374.0
3 1 2 12 163.0 434.0 315.0 420.0
3 1 2 13 199.0 503.0 362.0 485.0
3 1 2 14 233.0 565.0 416.0 529.0
3 1 2 15 272.0 671.0 459.0 602.0
3 1 2 16 306.0 676.0 509.0 651.0
3 1 2 17 347.0 739.0 570.0 705.0
3 1 2 18 389.0 797.0 -1  -1 
3 1 2 19 434.0 845.0 -1  -1 
3 1 2 20 463.0 903.0 -1  -1 
3 1 2 21 502.0 963.0 -1  -1 
3 1 2 22 554.0 1019.0 -1  -1 
3 1 2 23 588.0 1073.0 -1  -1 
3 1 2 24 661.0 1069.0 -1  -1 
3 1 3 1 1.0 16.0 -1  -1 
3 1 3 2 5.0 44.0 -1  -1 
3 1 3 3 10.0 57.0 23.0 46.0
3 1 3 4 18.0 86.0 42.0 83.0
3 1 3 5 27.0 119.0 59.0 119.0
3 1 3 6 27.0 166.0 87.0 153.0
3 1 3 7 44.0 194.0 113.0 192.0
3 1 3 8 58.0 239.0 144.0 239.0
3 1 3 9 80.0 290.0 179.0 279.0
3 1 3 10 95.0 356.0 216.0 324.0
3 1 3 11 127.0 407.0 259.0 374.0
3 1 3 12 155.0 449.0 306.0 425.0
3 1 3 13 188.0 509.0 344.0 482.0
3 1 3 14 207.0 572.0 391.0 538.0
3 1 3 15 249.0 628.0 433.0 589.0
3 1 3 16 308.0 682.0 490.0 647.0
3 1 3 17 349.0 738.0 537.0 717.0
3 1 3 18 396.0 796.0 604.0 774.0
3 1 3 19 450.0 846.0 658.0 835.0
3 1 3 20 498.0 920.0 727.0 916.0
3 1 3 21 529.0 962.0 767.0 953.0
3 1 3 22 581.0 1026.0 -1  -1 
3 1 3 23 641.0 1081.0 -1  -1 
3 1 3 24 684.0 1111.0 -1  -1 
3 2 1 1 3.0 15.0 -1  -1 
3 2 1 2 6.0 47.0 -1  -1 
3 2 1 3 12.0 70.0 -1  -1 
3 2 1 4 22.0 97.0 -1  -1 
3 2 1 5 31.0 122.0 -1  -1 
3 2 1 6 42.0 171.0 -1  -1 
3 2 1 7 55.0 200.0 -1  -1 
3 2 1 8 72.0 237.0 -1  -1 
3 2 1 9 97.0 294.0 -1  -1 
3 2 1 10 126.0 338.0 -1  -1 
3 2 1 11 158.0 390.0 -1  -1 
3 2 1 12 184.0 451.0 -1  -1 
3 2 1 13 220.0 494.0 -1  -1 
3 2 1 14 245.0 571.0 -1  -1 
3 2 1 15 285.0 617.0 -1  -1 
3 2 1 16 330.0 682.0 -1  -1 
3 2 1 17 375.0 731.0 -1  -1 
3 2 1 18 425.0 788.0 -1  -1 
3 2 1 19 490.0 852.0 -1  -1 
3 2 1 20 553.0 913.0 -1  -1 
3 2 1 21 626.0 975.0 -1  -1 
3 2 1 22 711.0 1029.0 -1  -1 
3 2 1 23 760.0 1079.0 -1  -1 
3 2 1 24 800.0 1011.0 -1  -1 
3 2 2 1 1.0 18.0 -1  -1 
3 2 2 2 4.0 34.0 -1  -1 
3 2 2 3 10.0 66.0 21.0 47.0
3 2 2 4 18.0 84.0 36.0 84.0
3 2 2 5 24.0 119.0 56.0 119.0
3 2 2 6 34.0 157.0 79.0 155.0
3 2 2 7 45.0 197.0 104.0 193.0
3 2 2 8 55.0 239.0 138.0 239.0
3 2 2 9 74.0 284.0 165.0 281.0
3 2 2 10 113.0 328.0 208.0 328.0
3 2 2 11 145.0 380.0 231.0 373.0
3 2 2 12 170.0 444.0 296.0 426.0
3 2 2 13 200.0 483.0 327.0 477.0
3 2 2 14 228.0 559.0 383.0 529.0
3 2 2 15 251.0 625.0 423.0 586.0
3 2 2 16 278.0 673.0 491.0 647.0
3 2 2 17 330.0 716.0 560.0 708.0
3 2 2 18 362.0 782.0 634.0 768.0
3 2 2 19 420.0 842.0 -1  -1 
3 2 2 20 481.0 902.0 -1  -1 
3 2 2 21 510.0 962.0 -1  -1 
3 2 2 22 573.0 1021.0 -1  -1 
3 2 2 23 625.0 1030.0 -1  -1 
3 2 3 1 1.0 17.0 -1  -1 
3 2 3 2 5.0 39.0 -1  -1 
3 2 3 3 9.0 57.0 23.0 47.0
3 2 3 4 17.0 89.0 40.0 85.0
3 2 3 5 25.0 119.0 59.0 119.0
3 2 3 6 35.0 155.0 91.0 155.0
3 2 3 7 48.0 195.0 110.0 194.0
3 2 3 8 63.0 236.0 153.0 236.0
3 2 3 9 79.0 278.0 174.0 278.0
3 2 3 10 98.0 330.0 214.0 326.0
3 2 3 11 135.0 399.0 257.0 372.0
3 2 3 12 161.0 430.0 298.0 425.0
3 2 3 13 192.0 516.0 361.0 485.0
3 2 3 14 235.0 558.0 405.0 545.0
3 2 3 15 269.0 647.0 448.0 619.0
3 2 3 16 303.0 678.0 498.0 664.0
3 2 3 17 341.0 730.0 558.0 711.0
3 2 3 18 385.0 777.0 614.0 767.0
3 2 3 19 432.0 844.0 676.0 829.0
3 2 3 20 471.0 910.0 736.0 910.0
3 2 3 21 513.0 964.0 -1  -1 
3 2 3 22 571.0 1023.0 -1  -1 
3 2 3 23 647.0 1047.0 -1  -1 
3 2 4 1 3.0 15.0 -1  -1 
3 2 4 2 6.0 51.0 -1  -1 
3 2 4 3 13.0 68.0 -1  -1 
3 2 4 4 24.0 87.0 -1  -1 
3 2 4 5 38.0 124.0 -1  -1 
3 2 4 6 56.0 155.0 -1  -1 
3 2 4 7 79.0 199.0 -1  -1 
3 2 4 8 108.0 242.0 -1  -1 
3 2 4 9 142.0 282.0 -1  -1 
3 2 4 10 165.0 332.0 -1  -1 
3 2 4 11 190.0 409.0 -1  -1 
3 2 4 12 223.0 459.0 -1  -1 
3 2 4 13 257.0 487.0 -1  -1 
3 2 4 14 290.0 620.0 -1  -1 
3 2 4 15 332.0 622.0 -1  -1 
3 2 4 16 368.0 694.0 -1  -1 
3 2 4 17 412.0 738.0 -1  -1 
3 2 4 18 471.0 790.0 -1  -1 
3 2 4 19 532.0 855.0 -1  -1 
3 2 4 20 595.0 919.0 -1  -1 
3 2 4 21 677.0 981.0 -1  -1 
3 2 4 22 721.0 1035.0 -1  -1 
3 2 4 23 763.0 1084.0 -1  -1 
3 2 4 24 812.0 1089.0 -1  -1 
3 4 1 1 4.0 14.0 -1  -1 
3 4 1 2 7.0 37.0 -1  -1 
3 4 1 3 12.0 61.0 -1  -1 
3 4 1 4 18.0 87.0 -1  -1 
3 4 1 5 25.0 116.0 65.0 116.0
3 4 1 6 33.0 151.0 89.0 151.0
3 4 1 7 46.0 190.0 124.0 190.0
3 4 1 8 87.0 263.0 159.0 232.0
3 4 1 9 105.0 292.0 194.0 275.0
3 4 1 10 120.0 358.0 232.0 324.0
3 4 1 11 139.0 406.0 277.0 369.0
3 4 1 12 154.0 469.0 314.0 419.0
3 4 1 13 184.0 514.0 362.0 470.0
3 4 1 14 219.0 560.0 400.0 521.0
3 4 1 15 259.0 615.0 458.0 583.0
3 4 1 16 300.0 676.0 517.0 639.0
3 4 1 17 338.0 736.0 591.0 703.0
3 4 1 18 370.0 798.0 -1  -1 
3 4 1 19 413.0 870.0 -1  -1 
3 4 1 20 498.0 905.0 -1  -1 
3 4 1 21 539.0 963.0 -1  -1 
3 4 1 22 585.0 1014.0 -1  -1 
3 4 1 23 632.0 1071.0 -1  -1 
3 4 1 24 677.0 1121.0 -1  -1 
3 4 1 25 726.0 1076.0 -1  -1 
3 4 3 1 3.0 16.0 -1  -1 
3 4 3 2 6.0 47.0 -1  -1 
3 4 3 3 10.0 66.0 -1  -1 
3 4 3 4 17.0 84.0 44.0 70.0
3 4 3 5 23.0 117.0 63.0 117.0
3 4 3 6 30.0 157.0 84.0 152.0
3 4 3 7 38.0 193.0 108.0 193.0
3 4 3 8 51.0 233.0 134.0 233.0
3 4 3 9 65.0 309.0 184.0 280.0
3 4 3 10 91.0 375.0 225.0 323.0
3 4 3 11 123.0 415.0 266.0 370.0
3 4 3 12 170.0 459.0 304.0 422.0
3 4 3 13 193.0 526.0 351.0 482.0
3 4 3 14 240.0 591.0 398.0 540.0
3 4 3 15 282.0 644.0 452.0 581.0
3 4 3 16 300.0 695.0 -1  -1 
3 4 3 17 331.0 743.0 -1  -1 
3 4 3 18 382.0 808.0 -1  -1 
3 4 3 19 420.0 852.0 -1  -1 
3 4 3 20 482.0 903.0 -1  -1 
3 4 3 21 530.0 963.0 -1  -1 
3 4 3 22 632.0 1015.0 -1  -1 
3 4 3 23 667.0 1072.0 -1  -1 
3 4 3 24 719.0 1113.0 -1  -1 
3 4 4 1 4.0 15.0 -1  -1 
3 4 4 2 6.0 45.0 -1  -1 
3 4 4 3 12.0 67.0 -1  -1 
3 4 4 4 18.0 87.0 36.0 82.0
3 4 4 5 25.0 117.0 55.0 116.0
3 4 4 6 34.0 153.0 82.0 153.0
3 4 4 7 46.0 250.0 105.0 190.0
3 4 4 8 59.0 235.0 138.0 235.0
3 4 4 9 88.0 316.0 161.0 280.0
3 4 4 10 109.0 340.0 204.0 321.0
3 4 4 11 129.0 394.0 245.0 376.0
3 4 4 12 155.0 447.0 286.0 419.0
3 4 4 13 185.0 510.0 330.0 488.0
3 4 4 14 218.0 577.0 382.0 530.0
3 4 4 15 249.0 617.0 430.0 599.0
3 4 4 16 277.0 717.0 476.0 649.0
3 4 4 17 327.0 731.0 529.0 714.0
3 4 4 18 362.0 814.0 592.0 769.0
3 4 4 19 414.0 857.0 640.0 828.0
3 4 4 20 458.0 900.0 706.0 889.0
3 4 4 21 505.0 958.0 757.0 946.0
3 4 4 22 558.0 1016.0 -1  -1 
3 4 4 23 627.0 1073.0 -1  -1 
3 4 4 24 695.0 1116.0 -1  -1 
3 4 4 25 770.0 1042.0 -1  -1 
4 1 1 1 2.0 22.0 -1  -1 
4 1 1 2 6.0 38.0 -1  -1 
4 1 1 3 10.0 55.0 22.0 54.0
4 1 1 4 17.0 84.0 37.0 84.0
4 1 1 5 25.0 115.0 57.0 115.0
4 1 1 6 34.0 155.0 76.0 149.0
4 1 1 7 52.0 188.0 101.0 188.0
4 1 1 8 74.0 233.0 131.0 226.0
4 1 1 9 97.0 273.0 169.0 273.0
4 1 1 10 126.0 314.0 207.0 314.0
4 1 1 11 170.0 364.0 244.0 353.0
4 1 1 12 216.0 400.0 -1  -1 
4 1 1 13 238.0 451.0 -1  -1 
4 1 1 14 279.0 467.0 -1  -1 
4 1 1 15 396.0 503.0 -1  -1 
4 1 2 1 2.0 23.0 -1  -1 
4 1 2 2 5.0 39.0 -1  -1 
4 1 2 3 11.0 62.0 22.0 57.0
4 1 2 4 21.0 86.0 37.0 86.0
4 1 2 5 31.0 123.0 64.0 123.0
4 1 2 6 43.0 159.0 85.0 159.0
4 1 2 7 55.0 200.0 109.0 200.0
4 1 2 8 70.0 242.0 144.0 242.0
4 1 2 9 112.0 287.0 175.0 287.0
4 1 2 10 129.0 334.0 195.0 334.0
4 1 2 11 171.0 384.0 252.0 384.0
4 1 2 12 193.0 429.0 305.0 429.0
4 1 2 13 301.0 477.0 -1  -1 
4 1 2 14 290.0 536.0 -1  -1 
4 1 2 15 354.0 573.0 -1  -1 
4 1 2 16 623.0 625.0 -1  -1 
4 1 3 1 1.0 21.0 -1  -1 
4 1 3 2 5.0 43.0 -1  -1 
4 1 3 3 12.0 57.0 25.0 54.0
4 1 3 4 19.0 82.0 39.0 82.0
4 1 3 5 29.0 117.0 55.0 117.0
4 1 3 6 36.0 153.0 81.0 149.0
4 1 3 7 55.0 192.0 101.0 192.0
4 1 3 8 83.0 230.0 125.0 230.0
4 1 3 9 107.0 272.0 168.0 269.0
4 1 3 10 147.0 316.0 204.0 316.0
4 1 3 11 182.0 360.0 249.0 360.0
4 1 3 12 232.0 410.0 293.0 410.0
4 1 3 13 278.0 460.0 347.0 458.0
4 1 3 14 357.0 500.0 -1  -1 
4 1 3 15 387.0 542.0 -1  -1 
4 1 3 16 466.0 562.0 -1  -1 
4 1 4 1 2.0 22.0 -1  -1 
4 1 4 2 5.0 40.0 -1  -1 
4 1 4 3 10.0 57.0 22.0 56.0
4 1 4 4 18.0 83.0 34.0 83.0
4 1 4 5 25.0 115.0 53.0 115.0
4 1 4 6 35.0 151.0 75.0 151.0
4 1 4 7 49.0 192.0 99.0 192.0
4 1 4 8 62.0 232.0 121.0 232.0
4 1 4 9 98.0 272.0 189.0 272.0
4 1 4 10 129.0 316.0 210.0 316.0
4 1 4 11 221.0 353.0 251.0 351.0
4 1 4 12 228.0 403.0 -1  -1 
4 1 4 13 237.0 447.0 -1  -1 
4 1 4 14 338.0 468.0 -1  -1 
4 2 3 1 2.0 23.0 -1  -1 
4 2 3 2 6.0 35.0 -1  -1 
4 2 3 3 10.0 57.0 21.0 54.0
4 2 3 4 17.0 82.0 35.0 82.0
4 2 3 5 25.0 116.0 52.0 116.0
4 2 3 6 31.0 150.0 78.0 149.0
4 2 3 7 44.0 185.0 100.0 185.0
4 2 3 8 62.0 232.0 130.0 232.0
4 2 3 9 88.0 275.0 163.0 275.0
4 2 3 10 108.0 322.0 202.0 319.0
4 2 3 11 146.0 372.0 253.0 365.0
4 2 3 12 212.0 418.0 288.0 414.0
4 2 3 13 250.0 462.0 348.0 462.0
4 2 3 14 268.0 519.0 396.0 516.0
4 2 3 15 352.0 568.0 460.0 568.0
4 2 3 16 347.0 625.0 -1  -1 
4 2 3 17 420.0 679.0 -1  -1 
4 2 3 18 463.0 724.0 -1  -1 
4 3 1 1 3.0 28.0 -1  -1 
4 3 1 2 5.0 44.0 -1  -1 
4 3 1 3 9.0 57.0 22.0 54.0
4 3 1 4 14.0 87.0 34.0 84.0
4 3 1 5 21.0 115.0 53.0 115.0
4 3 1 6 27.0 148.0 83.0 148.0
4 3 1 7 39.0 187.0 106.0 187.0
4 3 1 8 50.0 233.0 137.0 233.0
4 3 1 9 64.0 274.0 164.0 274.0
4 3 1 10 116.0 314.0 207.0 314.0
4 3 1 11 153.0 360.0 243.0 360.0
4 3 1 12 176.0 412.0 294.0 412.0
4 3 1 13 249.0 464.0 344.0 459.0
4 3 1 14 286.0 514.0 397.0 514.0
4 3 1 15 424.0 571.0 -1  -1 
4 3 1 16 459.0 620.0 -1  -1 
4 3 1 17 459.0 658.0 -1  -1 
4 3 3 1 3.0 23.0 -1  -1 
4 3 3 2 5.0 42.0 -1  -1 
4 3 3 3 9.0 59.0 -1  -1 
4 3 3 4 16.0 86.0 34.0 86.0
4 3 3 5 23.0 118.0 58.0 118.0
4 3 3 6 30.0 150.0 75.0 150.0
4 3 3 7 43.0 192.0 97.0 192.0
4 3 3 8 63.0 229.0 132.0 229.0
4 3 3 9 77.0 275.0 176.0 273.0
4 3 3 10 105.0 321.0 219.0 321.0
4 3 3 11 169.0 363.0 254.0 363.0
4 3 3 12 182.0 427.0 320.0 414.0
4 3 3 13 236.0 467.0 372.0 466.0
4 3 3 14 277.0 521.0 427.0 518.0
4 3 3 15 344.0 576.0 -1  -1 
4 3 3 16 360.0 626.0 -1  -1 
4 3 3 17 489.0 692.0 -1  -1 
4 3 3 18 468.0 749.0 -1  -1 
4 3 4 1 2.0 24.0 -1  -1 
4 3 4 2 4.0 37.0 -1  -1 
4 3 4 3 8.0 59.0 28.0 57.0
4 3 4 4 14.0 86.0 37.0 86.0
4 3 4 5 22.0 123.0 61.0 123.0
4 3 4 6 35.0 158.0 87.0 158.0
4 3 4 7 50.0 201.0 111.0 201.0
4 3 4 8 64.0 238.0 142.0 238.0
4 3 4 9 111.0 288.0 183.0 285.0
4 3 4 10 121.0 340.0 231.0 335.0
4 3 4 11 152.0 383.0 273.0 383.0
4 3 4 12 210.0 430.0 319.0 427.0
4 3 4 13 226.0 492.0 -1  -1 
4 3 4 14 251.0 542.0 -1  -1 
4 3 4 15 358.0 601.0 -1  -1 
4 3 4 16 452.0 643.0 -1  -1 
4 3 4 17 459.0 691.0 -1  -1 
4 4 2 1 2.0 28.0 -1  -1 
4 4 2 2 5.0 46.0 -1  -1 
4 4 2 3 10.0 66.0 23.0 44.0
4 4 2 4 16.0 89.0 38.0 85.0
4 4 2 5 23.0 117.0 56.0 117.0
4 4 2 6 32.0 156.0 86.0 156.0
4 4 2 7 46.0 196.0 104.0 196.0
4 4 2 8 70.0 236.0 145.0 236.0
4 4 2 9 94.0 281.0 176.0 281.0
4 4 2 10 115.0 327.0 217.0 327.0
4 4 2 11 150.0 377.0 257.0 377.0
4 4 2 12 195.0 417.0 301.0 417.0
4 4 2 13 272.0 472.0 -1  -1 
4 4 2 14 274.0 523.0 -1  -1 
4 4 2 15 298.0 583.0 -1  -1 
4 4 2 16 474.0 621.0 -1  -1 
5 1 1 1 1.0 22.0 -1  -1 
5 1 1 2 4.0 43.0 -1  -1 
5 1 1 3 9.0 56.0 23.0 56.0
5 1 1 4 16.0 90.0 36.0 84.0
5 1 1 5 23.0 121.0 60.0 121.0
5 1 1 6 33.0 155.0 82.0 154.0
5 1 1 7 45.0 192.0 109.0 192.0
5 1 1 8 65.0 230.0 137.0 230.0
5 1 1 9 80.0 275.0 176.0 275.0
5 1 1 10 126.0 321.0 210.0 321.0
5 1 1 11 168.0 369.0 252.0 369.0
5 1 1 12 203.0 419.0 286.0 419.0
5 1 1 13 247.0 464.0 345.0 464.0
5 1 1 14 280.0 519.0 404.0 519.0
5 1 1 15 294.0 572.0 462.0 572.0
5 1 1 16 337.0 629.0 -1  -1 
5 1 1 17 346.0 682.0 -1  -1 
5 1 1 18 411.0 736.0 -1  -1 
5 1 1 19 455.0 755.0 -1  -1 
5 1 1 20 384.0 554.0 -1  -1 
5 1 1 21 390.0 837.0 -1  -1 
5 1 2 1 1.0 24.0 -1  -1 
5 1 2 2 4.0 42.0 -1  -1 
5 1 2 3 10.0 58.0 26.0 58.0
5 1 2 4 17.0 87.0 37.0 84.0
5 1 2 5 25.0 122.0 56.0 121.0
5 1 2 6 34.0 155.0 77.0 155.0
5 1 2 7 57.0 198.0 104.0 197.0
5 1 2 8 87.0 237.0 135.0 237.0
5 1 2 9 120.0 283.0 176.0 283.0
5 1 2 10 152.0 329.0 215.0 329.0
5 1 2 11 184.0 379.0 240.0 379.0
5 1 2 12 227.0 433.0 282.0 429.0
5 1 2 13 266.0 477.0 321.0 477.0
5 1 2 14 346.0 533.0 396.0 533.0
5 1 2 15 358.0 592.0 455.0 592.0
5 1 2 16 467.0 634.0 -1  -1 
5 1 2 17 477.0 660.0 -1  -1 
5 1 3 1 1.0 26.0 -1  -1 
5 1 3 2 6.0 43.0 -1  -1 
5 1 3 3 11.0 58.0 26.0 58.0
5 1 3 4 20.0 85.0 41.0 84.0
5 1 3 5 29.0 120.0 60.0 120.0
5 1 3 6 40.0 155.0 85.0 155.0
5 1 3 7 56.0 196.0 112.0 196.0
5 1 3 8 68.0 237.0 148.0 237.0
5 1 3 9 88.0 286.0 181.0 286.0
5 1 3 10 107.0 327.0 234.0 327.0
5 1 3 11 142.0 374.0 271.0 374.0
5 1 3 12 183.0 421.0 309.0 421.0
5 1 3 13 207.0 475.0 359.0 475.0
5 1 3 14 274.0 533.0 410.0 528.0
5 1 3 15 308.0 582.0 -1  -1 
5 1 3 16 384.0 618.0 -1  -1 
5 1 3 17 455.0 680.0 -1  -1 
5 1 4 1 1.0 24.0 -1  -1 
5 1 4 2 5.0 41.0 -1  -1 
5 1 4 3 12.0 57.0 21.0 54.0
5 1 4 4 18.0 85.0 35.0 82.0
5 1 4 5 26.0 118.0 59.0 118.0
5 1 4 6 37.0 150.0 81.0 150.0
5 1 4 7 54.0 192.0 108.0 192.0
5 1 4 8 71.0 234.0 137.0 234.0
5 1 4 9 94.0 280.0 174.0 280.0
5 1 4 10 114.0 328.0 205.0 328.0
5 1 4 11 154.0 371.0 244.0 371.0
5 1 4 12 184.0 420.0 277.0 417.0
5 1 4 13 202.0 471.0 344.0 471.0
5 1 4 14 237.0 518.0 403.0 518.0
5 1 4 15 291.0 578.0 463.0 575.0
5 1 4 16 332.0 637.0 511.0 629.0
5 1 4 17 381.0 688.0 -1  -1 
5 1 4 18 445.0 743.0 -1  -1 
5 1 4 19 507.0 803.0 -1  -1 
5 1 4 20 533.0 689.0 -1  -1 
5 1 4 21 529.0 878.0 -1  -1 
5 2 3 1 2.0 25.0 -1  -1 
5 2 3 2 5.0 45.0 -1  -1 
5 2 3 3 11.0 57.0 -1  -1 
5 2 3 4 19.0 86.0 38.0 84.0
5 2 3 5 32.0 118.0 64.0 118.0
5 2 3 6 45.0 153.0 88.0 153.0
5 2 3 7 70.0 195.0 120.0 195.0
5 2 3 8 90.0 236.0 156.0 236.0
5 2 3 9 126.0 273.0 195.0 273.0
5 2 3 10 151.0 321.0 234.0 320.0
5 2 3 11 188.0 363.0 -1  -1 
5 2 3 12 219.0 417.0 -1  -1 
5 2 3 13 288.0 467.0 -1  -1 
5 2 3 14 330.0 498.0 -1  -1 
5 2 3 15 442.0 489.0 -1  -1 
5 2 3 16 565.0 567.0 -1  -1 
5 2 4 1 1.0 23.0 -1  -1 
5 2 4 2 4.0 37.0 -1  -1 
5 2 4 3 9.0 57.0 23.0 56.0
5 2 4 4 18.0 85.0 38.0 85.0
5 2 4 5 27.0 118.0 59.0 118.0
5 2 4 6 36.0 155.0 83.0 154.0
5 2 4 7 55.0 191.0 113.0 191.0
5 2 4 8 73.0 232.0 139.0 232.0
5 2 4 9 108.0 277.0 176.0 277.0
5 2 4 10 161.0 319.0 213.0 319.0
5 2 4 11 201.0 365.0 256.0 365.0
5 2 4 12 234.0 422.0 302.0 411.0
5 2 4 13 275.0 460.0 -1  -1 
5 2 4 14 331.0 511.0 -1  -1 
5 2 4 15 397.0 548.0 -1  -1 
5 2 4 16 482.0 579.0 -1  -1 
5 2 4 17 530.0 532.0 -1  -1 
5 3 1 1 1.0 27.0 -1  -1 
5 3 1 2 3.0 41.0 -1  -1 
5 3 1 3 9.0 65.0 22.0 56.0
5 3 1 4 15.0 88.0 34.0 83.0
5 3 1 5 23.0 119.0 53.0 118.0
5 3 1 6 35.0 153.0 74.0 153.0
5 3 1 7 48.0 193.0 104.0 193.0
5 3 1 8 63.0 235.0 136.0 235.0
5 3 1 9 94.0 277.0 167.0 274.0
5 3 1 10 120.0 318.0 201.0 318.0
5 3 1 11 141.0 370.0 239.0 370.0
5 3 1 12 197.0 417.0 296.0 417.0
5 3 1 13 247.0 462.0 354.0 462.0
5 3 1 14 347.0 513.0 -1  -1 
5 3 1 15 361.0 564.0 -1  -1 
5 3 1 16 391.0 582.0 -1  -1 
5 3 1 17 427.0 609.0 -1  -1 
5 3 2 1 1.0 24.0 -1  -1 
5 3 2 2 4.0 40.0 -1  -1 
5 3 2 3 9.0 56.0 22.0 56.0
5 3 2 4 16.0 82.0 35.0 82.0
5 3 2 5 23.0 116.0 57.0 116.0
5 3 2 6 34.0 152.0 79.0 152.0
5 3 2 7 51.0 188.0 109.0 188.0
5 3 2 8 74.0 229.0 141.0 229.0
5 3 2 9 100.0 274.0 168.0 274.0
5 3 2 10 126.0 314.0 206.0 314.0
5 3 2 11 155.0 357.0 255.0 357.0
5 3 2 12 203.0 402.0 291.0 402.0
5 3 2 13 239.0 456.0 -1  -1 
5 3 2 14 318.0 468.0 -1  -1 
5 3 2 15 339.0 483.0 -1  -1 
5 3 3 1 1.0 23.0 -1  -1 
5 3 3 2 5.0 41.0 -1  -1 
5 3 3 3 10.0 57.0 23.0 56.0
5 3 3 4 16.0 84.0 35.0 84.0
5 3 3 5 27.0 119.0 56.0 114.0
5 3 3 6 37.0 150.0 81.0 150.0
5 3 3 7 52.0 192.0 112.0 192.0
5 3 3 8 68.0 233.0 148.0 233.0
5 3 3 9 89.0 275.0 173.0 275.0
5 3 3 10 133.0 315.0 216.0 315.0
5 3 3 11 178.0 365.0 256.0 365.0
5 3 3 12 214.0 404.0 -1  -1 
5 3 3 13 312.0 455.0 -1  -1 
5 3 3 14 287.0 499.0 -1  -1 
5 3 4 1 1.0 30.0 -1  -1 
5 3 4 2 5.0 40.0 -1  -1 
5 3 4 3 9.0 65.0 23.0 55.0
5 3 4 4 16.0 85.0 35.0 85.0
5 3 4 5 25.0 114.0 60.0 114.0
5 3 4 6 32.0 156.0 79.0 150.0
5 3 4 7 48.0 193.0 110.0 189.0
5 3 4 8 62.0 228.0 139.0 228.0
5 3 4 9 89.0 272.0 166.0 271.0
5 3 4 10 114.0 317.0 205.0 317.0
5 3 4 11 169.0 360.0 239.0 360.0
5 3 4 12 207.0 412.0 286.0 406.0
5 3 4 13 236.0 454.0 344.0 454.0
5 3 4 14 282.0 507.0 -1  -1 
5 3 4 15 385.0 523.0 -1  -1 
5 3 4 16 349.0 573.0 -1  -1 
5 4 1 1 1.0 25.0 -1  -1 
5 4 1 2 5.0 46.0 -1  -1 
5 4 1 3 10.0 57.0 22.0 55.0
5 4 1 4 16.0 87.0 36.0 83.0
5 4 1 5 23.0 118.0 56.0 118.0
5 4 1 6 33.0 152.0 82.0 149.0
5 4 1 7 44.0 192.0 106.0 192.0
5 4 1 8 68.0 237.0 132.0 237.0
5 4 1 9 99.0 282.0 164.0 275.0
5 4 1 10 132.0 320.0 201.0 320.0
5 4 1 11 148.0 369.0 239.0 368.0
5 4 1 12 177.0 420.0 284.0 415.0
5 4 1 13 208.0 470.0 340.0 466.0
5 4 1 14 237.0 520.0 397.0 516.0
5 4 1 15 299.0 574.0 -1  -1 
5 4 1 16 351.0 626.0 -1  -1 
5 4 1 17 342.0 684.0 -1  -1 
5 4 1 18 411.0 740.0 -1  -1 
5 4 1 19 565.0 770.0 -1  -1 
5 4 1 20 448.0 708.0 -1  -1 
5 4 1 21 452.0 877.0 -1  -1 
5 4 4 1 1.0 24.0 -1  -1 
5 4 4 2 5.0 36.0 -1  -1 
5 4 4 3 10.0 56.0 24.0 53.0
5 4 4 4 18.0 84.0 37.0 83.0
5 4 4 5 26.0 117.0 62.0 117.0
5 4 4 6 37.0 152.0 85.0 151.0
5 4 4 7 49.0 193.0 112.0 193.0
5 4 4 8 64.0 237.0 137.0 237.0
5 4 4 9 90.0 277.0 168.0 272.0
5 4 4 10 112.0 324.0 195.0 317.0
5 4 4 11 133.0 368.0 257.0 368.0
5 4 4 12 159.0 417.0 286.0 411.0
5 4 4 13 205.0 468.0 330.0 462.0
5 4 4 14 245.0 519.0 -1  -1 
5 4 4 15 312.0 578.0 -1  -1 
5 4 4 16 323.0 633.0 -1  -1 
5 4 4 17 401.0 683.0 -1  -1 
5 4 4 18 478.0 722.0 -1  -1 
5 4 4 19 514.0 769.0 -1  -1 
5 4 4 20 457.0 762.0 -1  -1 
5 4 4 21 470.0 689.0 -1  -1 
